SrNo,ActionPerformed,PieceNumber,PassiveGameboard
1,NoAction,6,"[[0, 0, 0, 0, 0, 0, 0, 0, 0, 0], [0, 0, 0, 0, 0, 0, 0, 0, 0, 0], [0, 0, 0, 0, 0, 0, 0, 0, 0, 0], [0, 0, 0, 0, 0, 0, 0, 0, 0, 0], [0, 0, 0, 0, 0, 0, 0, 0, 0, 0], [0, 0, 0, 0, 0, 0, 0, 0, 0, 0], [0, 0, 0, 0, 0, 0, 0, 0, 0, 0], [0, 0, 0, 0, 0, 0, 0, 0, 0, 0], [0, 0, 0, 0, 0, 0, 0, 0, 0, 0], [0, 0, 0, 0, 0, 0, 0, 0, 0, 0], [0, 0, 0, 0, 0, 0, 0, 0, 0, 0], [0, 0, 0, 0, 0, 0, 0, 0, 0, 0], [0, 0, 0, 0, 0, 0, 0, 0, 0, 0], [0, 0, 0, 0, 0, 0, 0, 0, 0, 0], [0, 0, 0, 0, 0, 0, 0, 0, 0, 0], [0, 0, 0, 0, 0, 0, 0, 0, 0, 0], [0, 0, 0, 0, 0, 0, 0, 0, 0, 0], [0, 0, 0, 0, 0, 0, 0, 0, 0, 0], [0, 0, 0, 0, 0, 0, 0, 0, 0, 0], [0, 0, 0, 0, 0, 0, 0, 0, 0, 0]]"
2,Drop,6,"[[0, 0, 0, 0, 0, 0, 0, 0, 0, 0], [0, 0, 0, 0, 0, 0, 0, 0, 0, 0], [0, 0, 0, 0, 0, 0, 0, 0, 0, 0], [0, 0, 0, 0, 0, 0, 0, 0, 0, 0], [0, 0, 0, 0, 0, 0, 0, 0, 0, 0], [0, 0, 0, 0, 0, 0, 0, 0, 0, 0], [0, 0, 0, 0, 0, 0, 0, 0, 0, 0], [0, 0, 0, 0, 0, 0, 0, 0, 0, 0], [0, 0, 0, 0, 0, 0, 0, 0, 0, 0], [0, 0, 0, 0, 0, 0, 0, 0, 0, 0], [0, 0, 0, 0, 0, 0, 0, 0, 0, 0], [0, 0, 0, 0, 0, 0, 0, 0, 0, 0], [0, 0, 0, 0, 0, 0, 0, 0, 0, 0], [0, 0, 0, 0, 0, 0, 0, 0, 0, 0], [0, 0, 0, 0, 0, 0, 0, 0, 0, 0], [0, 0, 0, 0, 0, 0, 0, 0, 0, 0], [0, 0, 0, 0, 0, 0, 0, 0, 0, 0], [0, 0, 0, 0, 0, 0, 0, 0, 0, 0], [0, 6, 0, 0, 0, 0, 0, 0, 0, 0], [6, 6, 6, 0, 0, 0, 0, 0, 0, 0]]"
3,Drop,4,"[[0, 0, 0, 0, 0, 0, 0, 0, 0, 0], [0, 0, 0, 0, 0, 0, 0, 0, 0, 0], [0, 0, 0, 0, 0, 0, 0, 0, 0, 0], [0, 0, 0, 0, 0, 0, 0, 0, 0, 0], [0, 0, 0, 0, 0, 0, 0, 0, 0, 0], [0, 0, 0, 0, 0, 0, 0, 0, 0, 0], [0, 0, 0, 0, 0, 0, 0, 0, 0, 0], [0, 0, 0, 0, 0, 0, 0, 0, 0, 0], [0, 0, 0, 0, 0, 0, 0, 0, 0, 0], [0, 0, 0, 0, 0, 0, 0, 0, 0, 0], [0, 0, 0, 0, 0, 0, 0, 0, 0, 0], [0, 0, 0, 0, 0, 0, 0, 0, 0, 0], [0, 0, 0, 0, 0, 0, 0, 0, 0, 0], [0, 0, 0, 0, 0, 0, 0, 0, 0, 0], [0, 0, 0, 0, 0, 0, 0, 0, 0, 0], [0, 0, 0, 0, 0, 0, 0, 0, 0, 0], [0, 0, 0, 0, 0, 0, 0, 0, 0, 0], [0, 0, 0, 0, 0, 0, 0, 0, 0, 0], [0, 6, 0, 0, 0, 4, 0, 0, 0, 0], [6, 6, 6, 4, 4, 4, 0, 0, 0, 0]]"
4,Drop,3,"[[0, 0, 0, 0, 0, 0, 0, 0, 0, 0], [0, 0, 0, 0, 0, 0, 0, 0, 0, 0], [0, 0, 0, 0, 0, 0, 0, 0, 0, 0], [0, 0, 0, 0, 0, 0, 0, 0, 0, 0], [0, 0, 0, 0, 0, 0, 0, 0, 0, 0], [0, 0, 0, 0, 0, 0, 0, 0, 0, 0], [0, 0, 0, 0, 0, 0, 0, 0, 0, 0], [0, 0, 0, 0, 0, 0, 0, 0, 0, 0], [0, 0, 0, 0, 0, 0, 0, 0, 0, 0], [0, 0, 0, 0, 0, 0, 0, 0, 0, 0], [0, 0, 0, 0, 0, 0, 0, 0, 0, 0], [0, 0, 0, 0, 0, 0, 0, 0, 0, 0], [0, 0, 0, 0, 0, 0, 0, 0, 0, 0], [0, 0, 0, 0, 0, 0, 0, 0, 0, 0], [0, 0, 0, 0, 0, 0, 0, 0, 0, 0], [0, 0, 0, 0, 0, 0, 0, 0, 0, 0], [0, 0, 0, 0, 0, 0, 0, 0, 0, 0], [0, 0, 0, 0, 0, 0, 0, 0, 0, 0], [0, 6, 0, 0, 0, 4, 3, 3, 0, 0], [6, 6, 6, 4, 4, 4, 3, 3, 0, 0]]"
5,Drop,2,"[[0, 0, 0, 0, 0, 0, 0, 0, 0, 0], [0, 0, 0, 0, 0, 0, 0, 0, 0, 0], [0, 0, 0, 0, 0, 0, 0, 0, 0, 0], [0, 0, 0, 0, 0, 0, 0, 0, 0, 0], [0, 0, 0, 0, 0, 0, 0, 0, 0, 0], [0, 0, 0, 0, 0, 0, 0, 0, 0, 0], [0, 0, 0, 0, 0, 0, 0, 0, 0, 0], [0, 0, 0, 0, 0, 0, 0, 0, 0, 0], [0, 0, 0, 0, 0, 0, 0, 0, 0, 0], [0, 0, 0, 0, 0, 0, 0, 0, 0, 0], [0, 0, 0, 0, 0, 0, 0, 0, 0, 0], [0, 0, 0, 0, 0, 0, 0, 0, 0, 0], [0, 0, 0, 0, 0, 0, 0, 0, 0, 0], [0, 0, 0, 0, 0, 0, 0, 0, 0, 0], [0, 0, 0, 0, 0, 0, 0, 0, 0, 0], [0, 0, 0, 0, 0, 0, 0, 0, 0, 0], [0, 0, 0, 0, 0, 0, 0, 0, 0, 0], [0, 0, 0, 0, 2, 2, 0, 0, 0, 0], [0, 6, 0, 2, 2, 4, 3, 3, 0, 0], [6, 6, 6, 4, 4, 4, 3, 3, 0, 0]]"
6,Drop,6,"[[0, 0, 0, 0, 0, 0, 0, 0, 0, 0], [0, 0, 0, 0, 0, 0, 0, 0, 0, 0], [0, 0, 0, 0, 0, 0, 0, 0, 0, 0], [0, 0, 0, 0, 0, 0, 0, 0, 0, 0], [0, 0, 0, 0, 0, 0, 0, 0, 0, 0], [0, 0, 0, 0, 0, 0, 0, 0, 0, 0], [0, 0, 0, 0, 0, 0, 0, 0, 0, 0], [0, 0, 0, 0, 0, 0, 0, 0, 0, 0], [0, 0, 0, 0, 0, 0, 0, 0, 0, 0], [0, 0, 0, 0, 0, 0, 0, 0, 0, 0], [0, 0, 0, 0, 0, 0, 0, 0, 0, 0], [0, 0, 0, 0, 0, 0, 0, 0, 0, 0], [0, 0, 0, 0, 0, 0, 0, 0, 0, 0], [0, 0, 0, 0, 0, 0, 0, 0, 0, 0], [0, 0, 0, 0, 0, 0, 0, 0, 0, 0], [0, 0, 0, 0, 0, 0, 0, 0, 0, 0], [0, 0, 0, 0, 0, 0, 0, 0, 0, 0], [0, 6, 6, 6, 2, 2, 0, 0, 0, 0], [0, 6, 6, 2, 2, 4, 3, 3, 0, 0], [6, 6, 6, 4, 4, 4, 3, 3, 0, 0]]"
7,Drop,5,"[[0, 0, 0, 0, 0, 0, 0, 0, 0, 0], [0, 0, 0, 0, 0, 0, 0, 0, 0, 0], [0, 0, 0, 0, 0, 0, 0, 0, 0, 0], [0, 0, 0, 0, 0, 0, 0, 0, 0, 0], [0, 0, 0, 0, 0, 0, 0, 0, 0, 0], [0, 0, 0, 0, 0, 0, 0, 0, 0, 0], [0, 0, 0, 0, 0, 0, 0, 0, 0, 0], [0, 0, 0, 0, 0, 0, 0, 0, 0, 0], [0, 0, 0, 0, 0, 0, 0, 0, 0, 0], [0, 0, 0, 0, 0, 0, 0, 0, 0, 0], [0, 0, 0, 0, 0, 0, 0, 0, 0, 0], [0, 0, 0, 0, 0, 0, 0, 0, 0, 0], [0, 0, 0, 0, 0, 0, 0, 0, 0, 0], [0, 0, 0, 0, 0, 0, 0, 0, 0, 0], [0, 0, 0, 0, 0, 0, 0, 0, 0, 0], [0, 0, 0, 0, 0, 0, 0, 0, 0, 0], [0, 0, 0, 0, 0, 0, 0, 0, 0, 0], [0, 0, 0, 0, 0, 0, 0, 0, 0, 0], [0, 6, 6, 6, 2, 2, 0, 0, 0, 5], [0, 6, 6, 2, 2, 4, 3, 3, 0, 5]]"
8,Drop,7,"[[0, 0, 0, 0, 0, 0, 0, 0, 0, 0], [0, 0, 0, 0, 0, 0, 0, 0, 0, 0], [0, 0, 0, 0, 0, 0, 0, 0, 0, 0], [0, 0, 0, 0, 0, 0, 0, 0, 0, 0], [0, 0, 0, 0, 0, 0, 0, 0, 0, 0], [0, 0, 0, 0, 0, 0, 0, 0, 0, 0], [0, 0, 0, 0, 0, 0, 0, 0, 0, 0], [0, 0, 0, 0, 0, 0, 0, 0, 0, 0], [0, 0, 0, 0, 0, 0, 0, 0, 0, 0], [0, 0, 0, 0, 0, 0, 0, 0, 0, 0], [0, 0, 0, 0, 0, 0, 0, 0, 0, 0], [0, 0, 0, 0, 0, 0, 0, 0, 0, 0], [0, 0, 0, 0, 0, 0, 0, 0, 0, 0], [0, 0, 0, 0, 0, 0, 0, 0, 0, 0], [0, 0, 0, 0, 0, 0, 0, 0, 0, 0], [0, 0, 0, 0, 0, 0, 0, 0, 0, 0], [0, 0, 0, 0, 0, 0, 0, 0, 7, 0], [0, 0, 0, 0, 0, 0, 0, 0, 7, 0], [0, 6, 6, 6, 2, 2, 0, 0, 7, 5], [0, 6, 6, 2, 2, 4, 3, 3, 7, 5]]"
9,Drop,4,"[[0, 0, 0, 0, 0, 0, 0, 0, 0, 0], [0, 0, 0, 0, 0, 0, 0, 0, 0, 0], [0, 0, 0, 0, 0, 0, 0, 0, 0, 0], [0, 0, 0, 0, 0, 0, 0, 0, 0, 0], [0, 0, 0, 0, 0, 0, 0, 0, 0, 0], [0, 0, 0, 0, 0, 0, 0, 0, 0, 0], [0, 0, 0, 0, 0, 0, 0, 0, 0, 0], [0, 0, 0, 0, 0, 0, 0, 0, 0, 0], [0, 0, 0, 0, 0, 0, 0, 0, 0, 0], [0, 0, 0, 0, 0, 0, 0, 0, 0, 0], [0, 0, 0, 0, 0, 0, 0, 0, 0, 0], [0, 0, 0, 0, 0, 0, 0, 0, 0, 0], [0, 0, 0, 0, 0, 0, 0, 0, 0, 0], [0, 0, 0, 0, 0, 0, 0, 0, 0, 0], [0, 0, 0, 0, 0, 0, 0, 0, 0, 0], [0, 0, 0, 0, 0, 0, 0, 0, 0, 0], [0, 0, 0, 0, 0, 0, 4, 0, 7, 0], [0, 0, 0, 0, 0, 0, 4, 0, 7, 0], [0, 6, 6, 6, 2, 2, 4, 4, 7, 5], [0, 6, 6, 2, 2, 4, 3, 3, 7, 5]]"
10,Drop,6,"[[0, 0, 0, 0, 0, 0, 0, 0, 0, 0], [0, 0, 0, 0, 0, 0, 0, 0, 0, 0], [0, 0, 0, 0, 0, 0, 0, 0, 0, 0], [0, 0, 0, 0, 0, 0, 0, 0, 0, 0], [0, 0, 0, 0, 0, 0, 0, 0, 0, 0], [0, 0, 0, 0, 0, 0, 0, 0, 0, 0], [0, 0, 0, 0, 0, 0, 0, 0, 0, 0], [0, 0, 0, 0, 0, 0, 0, 0, 0, 0], [0, 0, 0, 0, 0, 0, 0, 0, 0, 0], [0, 0, 0, 0, 0, 0, 0, 0, 0, 0], [0, 0, 0, 0, 0, 0, 0, 0, 0, 0], [0, 0, 0, 0, 0, 0, 0, 0, 0, 0], [0, 0, 0, 0, 0, 0, 0, 0, 0, 0], [0, 0, 0, 0, 0, 0, 0, 0, 0, 0], [0, 0, 0, 0, 0, 0, 0, 0, 0, 0], [0, 0, 0, 0, 0, 0, 0, 0, 0, 0], [0, 0, 0, 0, 6, 0, 4, 0, 7, 0], [0, 0, 0, 6, 6, 6, 4, 0, 7, 0], [0, 6, 6, 6, 2, 2, 4, 4, 7, 5], [0, 6, 6, 2, 2, 4, 3, 3, 7, 5]]"
11,Drop,5,"[[0, 0, 0, 0, 0, 0, 0, 0, 0, 0], [0, 0, 0, 0, 0, 0, 0, 0, 0, 0], [0, 0, 0, 0, 0, 0, 0, 0, 0, 0], [0, 0, 0, 0, 0, 0, 0, 0, 0, 0], [0, 0, 0, 0, 0, 0, 0, 0, 0, 0], [0, 0, 0, 0, 0, 0, 0, 0, 0, 0], [0, 0, 0, 0, 0, 0, 0, 0, 0, 0], [0, 0, 0, 0, 0, 0, 0, 0, 0, 0], [0, 0, 0, 0, 0, 0, 0, 0, 0, 0], [0, 0, 0, 0, 0, 0, 0, 0, 0, 0], [0, 0, 0, 0, 0, 0, 0, 0, 0, 0], [0, 0, 0, 0, 0, 0, 0, 0, 0, 0], [0, 0, 0, 0, 0, 0, 0, 0, 0, 0], [0, 0, 0, 0, 0, 0, 0, 0, 0, 0], [0, 0, 0, 0, 0, 0, 0, 0, 0, 0], [0, 0, 0, 0, 0, 0, 0, 0, 0, 0], [0, 0, 0, 0, 0, 0, 0, 0, 0, 0], [0, 0, 0, 0, 0, 0, 0, 0, 0, 0], [0, 0, 0, 0, 6, 0, 4, 0, 7, 0], [5, 5, 0, 6, 6, 6, 4, 0, 7, 0]]"
12,Drop,2,"[[0, 0, 0, 0, 0, 0, 0, 0, 0, 0], [0, 0, 0, 0, 0, 0, 0, 0, 0, 0], [0, 0, 0, 0, 0, 0, 0, 0, 0, 0], [0, 0, 0, 0, 0, 0, 0, 0, 0, 0], [0, 0, 0, 0, 0, 0, 0, 0, 0, 0], [0, 0, 0, 0, 0, 0, 0, 0, 0, 0], [0, 0, 0, 0, 0, 0, 0, 0, 0, 0], [0, 0, 0, 0, 0, 0, 0, 0, 0, 0], [0, 0, 0, 0, 0, 0, 0, 0, 0, 0], [0, 0, 0, 0, 0, 0, 0, 0, 0, 0], [0, 0, 0, 0, 0, 0, 0, 0, 0, 0], [0, 0, 0, 0, 0, 0, 0, 0, 0, 0], [0, 0, 0, 0, 0, 0, 0, 0, 0, 0], [0, 0, 0, 0, 0, 0, 0, 0, 0, 0], [0, 0, 0, 0, 0, 0, 0, 0, 0, 0], [0, 0, 0, 0, 0, 0, 0, 0, 0, 0], [0, 0, 0, 0, 0, 0, 0, 0, 0, 0], [0, 2, 0, 0, 0, 0, 0, 0, 0, 0], [0, 2, 2, 0, 6, 0, 4, 0, 7, 0], [5, 5, 2, 6, 6, 6, 4, 0, 7, 0]]"
13,Drop,4,"[[0, 0, 0, 0, 0, 0, 0, 0, 0, 0], [0, 0, 0, 0, 0, 0, 0, 0, 0, 0], [0, 0, 0, 0, 0, 0, 0, 0, 0, 0], [0, 0, 0, 0, 0, 0, 0, 0, 0, 0], [0, 0, 0, 0, 0, 0, 0, 0, 0, 0], [0, 0, 0, 0, 0, 0, 0, 0, 0, 0], [0, 0, 0, 0, 0, 0, 0, 0, 0, 0], [0, 0, 0, 0, 0, 0, 0, 0, 0, 0], [0, 0, 0, 0, 0, 0, 0, 0, 0, 0], [0, 0, 0, 0, 0, 0, 0, 0, 0, 0], [0, 0, 0, 0, 0, 0, 0, 0, 0, 0], [0, 0, 0, 0, 0, 0, 0, 0, 0, 0], [0, 0, 0, 0, 0, 0, 0, 0, 0, 0], [0, 0, 0, 0, 0, 0, 0, 0, 0, 0], [0, 0, 0, 0, 0, 0, 0, 0, 0, 0], [0, 0, 0, 0, 0, 0, 0, 0, 0, 0], [0, 0, 0, 0, 0, 0, 0, 0, 0, 0], [0, 2, 0, 4, 4, 4, 0, 0, 0, 0], [0, 2, 2, 4, 6, 0, 4, 0, 7, 0], [5, 5, 2, 6, 6, 6, 4, 0, 7, 0]]"
14,Drop,7,"[[0, 0, 0, 0, 0, 0, 0, 0, 0, 0], [0, 0, 0, 0, 0, 0, 0, 0, 0, 0], [0, 0, 0, 0, 0, 0, 0, 0, 0, 0], [0, 0, 0, 0, 0, 0, 0, 0, 0, 0], [0, 0, 0, 0, 0, 0, 0, 0, 0, 0], [0, 0, 0, 0, 0, 0, 0, 0, 0, 0], [0, 0, 0, 0, 0, 0, 0, 0, 0, 0], [0, 0, 0, 0, 0, 0, 0, 0, 0, 0], [0, 0, 0, 0, 0, 0, 0, 0, 0, 0], [0, 0, 0, 0, 0, 0, 0, 0, 0, 0], [0, 0, 0, 0, 0, 0, 0, 0, 0, 0], [0, 0, 0, 0, 0, 0, 0, 0, 0, 0], [0, 0, 0, 0, 0, 0, 0, 0, 0, 0], [0, 0, 0, 0, 0, 0, 0, 0, 0, 0], [0, 0, 0, 0, 0, 0, 0, 0, 0, 0], [0, 0, 0, 0, 0, 0, 0, 0, 0, 0], [0, 0, 0, 0, 0, 0, 0, 7, 0, 0], [0, 2, 0, 4, 4, 4, 0, 7, 0, 0], [0, 2, 2, 4, 6, 0, 4, 7, 7, 0], [5, 5, 2, 6, 6, 6, 4, 7, 7, 0]]"
15,Drop,4,"[[0, 0, 0, 0, 0, 0, 0, 0, 0, 0], [0, 0, 0, 0, 0, 0, 0, 0, 0, 0], [0, 0, 0, 0, 0, 0, 0, 0, 0, 0], [0, 0, 0, 0, 0, 0, 0, 0, 0, 0], [0, 0, 0, 0, 0, 0, 0, 0, 0, 0], [0, 0, 0, 0, 0, 0, 0, 0, 0, 0], [0, 0, 0, 0, 0, 0, 0, 0, 0, 0], [0, 0, 0, 0, 0, 0, 0, 0, 0, 0], [0, 0, 0, 0, 0, 0, 0, 0, 0, 0], [0, 0, 0, 0, 0, 0, 0, 0, 0, 0], [0, 0, 0, 0, 0, 0, 0, 0, 0, 0], [0, 0, 0, 0, 0, 0, 0, 0, 0, 0], [0, 0, 0, 0, 0, 0, 0, 0, 0, 0], [0, 0, 0, 0, 0, 0, 0, 0, 0, 0], [0, 0, 0, 0, 0, 0, 0, 0, 0, 0], [0, 0, 0, 0, 0, 4, 4, 0, 0, 0], [0, 0, 0, 0, 0, 0, 4, 7, 0, 0], [0, 2, 0, 4, 4, 4, 4, 7, 0, 0], [0, 2, 2, 4, 6, 0, 4, 7, 7, 0], [5, 5, 2, 6, 6, 6, 4, 7, 7, 0]]"
16,Drop,7,"[[0, 0, 0, 0, 0, 0, 0, 0, 0, 0], [0, 0, 0, 0, 0, 0, 0, 0, 0, 0], [0, 0, 0, 0, 0, 0, 0, 0, 0, 0], [0, 0, 0, 0, 0, 0, 0, 0, 0, 0], [0, 0, 0, 0, 0, 0, 0, 0, 0, 0], [0, 0, 0, 0, 0, 0, 0, 0, 0, 0], [0, 0, 0, 0, 0, 0, 0, 0, 0, 0], [0, 0, 0, 0, 0, 0, 0, 0, 0, 0], [0, 0, 0, 0, 0, 0, 0, 0, 0, 0], [0, 0, 0, 0, 0, 0, 0, 0, 0, 0], [0, 0, 0, 0, 0, 0, 0, 0, 0, 0], [0, 0, 0, 0, 0, 0, 0, 0, 0, 0], [0, 0, 0, 0, 0, 0, 0, 0, 0, 0], [0, 0, 0, 0, 0, 0, 0, 0, 0, 0], [0, 0, 0, 0, 0, 0, 0, 0, 0, 0], [0, 0, 0, 0, 0, 4, 4, 0, 0, 0], [0, 0, 7, 7, 7, 7, 4, 7, 0, 0], [0, 2, 0, 4, 4, 4, 4, 7, 0, 0], [0, 2, 2, 4, 6, 0, 4, 7, 7, 0], [5, 5, 2, 6, 6, 6, 4, 7, 7, 0]]"
17,Drop,7,"[[0, 0, 0, 0, 0, 0, 0, 0, 0, 0], [0, 0, 0, 0, 0, 0, 0, 0, 0, 0], [0, 0, 0, 0, 0, 0, 0, 0, 0, 0], [0, 0, 0, 0, 0, 0, 0, 0, 0, 0], [0, 0, 0, 0, 0, 0, 0, 0, 0, 0], [0, 0, 0, 0, 0, 0, 0, 0, 0, 0], [0, 0, 0, 0, 0, 0, 0, 0, 0, 0], [0, 0, 0, 0, 0, 0, 0, 0, 0, 0], [0, 0, 0, 0, 0, 0, 0, 0, 0, 0], [0, 0, 0, 0, 0, 0, 0, 0, 0, 0], [0, 0, 0, 0, 0, 0, 0, 0, 0, 0], [0, 0, 0, 0, 0, 0, 0, 0, 0, 0], [0, 0, 0, 0, 0, 0, 0, 0, 0, 0], [0, 0, 0, 0, 0, 0, 0, 0, 0, 0], [0, 0, 0, 0, 0, 0, 0, 0, 0, 0], [7, 0, 0, 0, 0, 4, 4, 0, 0, 0], [7, 0, 7, 7, 7, 7, 4, 7, 0, 0], [7, 2, 0, 4, 4, 4, 4, 7, 0, 0], [7, 2, 2, 4, 6, 0, 4, 7, 7, 0], [5, 5, 2, 6, 6, 6, 4, 7, 7, 0]]"
18,Drop,6,"[[0, 0, 0, 0, 0, 0, 0, 0, 0, 0], [0, 0, 0, 0, 0, 0, 0, 0, 0, 0], [0, 0, 0, 0, 0, 0, 0, 0, 0, 0], [0, 0, 0, 0, 0, 0, 0, 0, 0, 0], [0, 0, 0, 0, 0, 0, 0, 0, 0, 0], [0, 0, 0, 0, 0, 0, 0, 0, 0, 0], [0, 0, 0, 0, 0, 0, 0, 0, 0, 0], [0, 0, 0, 0, 0, 0, 0, 0, 0, 0], [0, 0, 0, 0, 0, 0, 0, 0, 0, 0], [0, 0, 0, 0, 0, 0, 0, 0, 0, 0], [0, 0, 0, 0, 0, 0, 0, 0, 0, 0], [0, 0, 0, 0, 0, 0, 0, 0, 0, 0], [0, 0, 0, 0, 0, 0, 0, 0, 0, 0], [0, 0, 0, 0, 0, 0, 0, 0, 0, 0], [0, 6, 0, 0, 0, 0, 0, 0, 0, 0], [7, 6, 6, 0, 0, 4, 4, 0, 0, 0], [7, 6, 7, 7, 7, 7, 4, 7, 0, 0], [7, 2, 0, 4, 4, 4, 4, 7, 0, 0], [7, 2, 2, 4, 6, 0, 4, 7, 7, 0], [5, 5, 2, 6, 6, 6, 4, 7, 7, 0]]"
19,Drop,3,"[[0, 0, 0, 0, 0, 0, 0, 0, 0, 0], [0, 0, 0, 0, 0, 0, 0, 0, 0, 0], [0, 0, 0, 0, 0, 0, 0, 0, 0, 0], [0, 0, 0, 0, 0, 0, 0, 0, 0, 0], [0, 0, 0, 0, 0, 0, 0, 0, 0, 0], [0, 0, 0, 0, 0, 0, 0, 0, 0, 0], [0, 0, 0, 0, 0, 0, 0, 0, 0, 0], [0, 0, 0, 0, 0, 0, 0, 0, 0, 0], [0, 0, 0, 0, 0, 0, 0, 0, 0, 0], [0, 0, 0, 0, 0, 0, 0, 0, 0, 0], [0, 0, 0, 0, 0, 0, 0, 0, 0, 0], [0, 0, 0, 0, 0, 0, 0, 0, 0, 0], [0, 0, 0, 0, 0, 0, 0, 0, 0, 0], [0, 0, 0, 0, 0, 0, 0, 0, 0, 0], [0, 6, 0, 3, 3, 0, 0, 0, 0, 0], [7, 6, 6, 3, 3, 4, 4, 0, 0, 0], [7, 6, 7, 7, 7, 7, 4, 7, 0, 0], [7, 2, 0, 4, 4, 4, 4, 7, 0, 0], [7, 2, 2, 4, 6, 0, 4, 7, 7, 0], [5, 5, 2, 6, 6, 6, 4, 7, 7, 0]]"
20,Drop,3,"[[0, 0, 0, 0, 0, 0, 0, 0, 0, 0], [0, 0, 0, 0, 0, 0, 0, 0, 0, 0], [0, 0, 0, 0, 0, 0, 0, 0, 0, 0], [0, 0, 0, 0, 0, 0, 0, 0, 0, 0], [0, 0, 0, 0, 0, 0, 0, 0, 0, 0], [0, 0, 0, 0, 0, 0, 0, 0, 0, 0], [0, 0, 0, 0, 0, 0, 0, 0, 0, 0], [0, 0, 0, 0, 0, 0, 0, 0, 0, 0], [0, 0, 0, 0, 0, 0, 0, 0, 0, 0], [0, 0, 0, 0, 0, 0, 0, 0, 0, 0], [0, 0, 0, 0, 0, 0, 0, 0, 0, 0], [0, 0, 0, 0, 0, 0, 0, 0, 0, 0], [0, 0, 0, 0, 0, 0, 0, 0, 0, 0], [0, 0, 0, 0, 0, 3, 3, 0, 0, 0], [0, 6, 0, 3, 3, 3, 3, 0, 0, 0], [7, 6, 6, 3, 3, 4, 4, 0, 0, 0], [7, 6, 7, 7, 7, 7, 4, 7, 0, 0], [7, 2, 0, 4, 4, 4, 4, 7, 0, 0], [7, 2, 2, 4, 6, 0, 4, 7, 7, 0], [5, 5, 2, 6, 6, 6, 4, 7, 7, 0]]"
21,Drop,2,"[[0, 0, 0, 0, 0, 0, 0, 0, 0, 0], [0, 0, 0, 0, 0, 0, 0, 0, 0, 0], [0, 0, 0, 0, 0, 0, 0, 0, 0, 0], [0, 0, 0, 0, 0, 0, 0, 0, 0, 0], [0, 0, 0, 0, 0, 0, 0, 0, 0, 0], [0, 0, 0, 0, 0, 0, 0, 0, 0, 0], [0, 0, 0, 0, 0, 0, 0, 0, 0, 0], [0, 0, 0, 0, 0, 0, 0, 0, 0, 0], [0, 0, 0, 0, 0, 0, 0, 0, 0, 0], [0, 0, 0, 0, 0, 0, 0, 0, 0, 0], [0, 0, 0, 0, 0, 0, 0, 0, 0, 0], [0, 0, 0, 0, 0, 0, 0, 0, 0, 0], [0, 2, 0, 0, 0, 0, 0, 0, 0, 0], [0, 2, 2, 0, 0, 3, 3, 0, 0, 0], [0, 6, 2, 3, 3, 3, 3, 0, 0, 0], [7, 6, 6, 3, 3, 4, 4, 0, 0, 0], [7, 6, 7, 7, 7, 7, 4, 7, 0, 0], [7, 2, 0, 4, 4, 4, 4, 7, 0, 0], [7, 2, 2, 4, 6, 0, 4, 7, 7, 0], [5, 5, 2, 6, 6, 6, 4, 7, 7, 0]]"
22,Drop,5,"[[0, 0, 0, 0, 0, 0, 0, 0, 0, 0], [0, 0, 0, 0, 0, 0, 0, 0, 0, 0], [0, 0, 0, 0, 0, 0, 0, 0, 0, 0], [0, 0, 0, 0, 0, 0, 0, 0, 0, 0], [0, 0, 0, 0, 0, 0, 0, 0, 0, 0], [0, 0, 0, 0, 0, 0, 0, 0, 0, 0], [0, 0, 0, 0, 0, 0, 0, 0, 0, 0], [0, 0, 0, 0, 0, 0, 0, 0, 0, 0], [0, 0, 0, 0, 0, 0, 0, 0, 0, 0], [0, 0, 0, 0, 0, 0, 0, 0, 0, 0], [0, 0, 0, 0, 0, 0, 0, 0, 0, 0], [0, 0, 0, 0, 5, 0, 0, 0, 0, 0], [0, 2, 0, 0, 5, 0, 0, 0, 0, 0], [0, 2, 2, 5, 5, 3, 3, 0, 0, 0], [0, 6, 2, 3, 3, 3, 3, 0, 0, 0], [7, 6, 6, 3, 3, 4, 4, 0, 0, 0], [7, 6, 7, 7, 7, 7, 4, 7, 0, 0], [7, 2, 0, 4, 4, 4, 4, 7, 0, 0], [7, 2, 2, 4, 6, 0, 4, 7, 7, 0], [5, 5, 2, 6, 6, 6, 4, 7, 7, 0]]"
23,Drop,1,"[[0, 0, 0, 0, 0, 0, 0, 0, 0, 0], [0, 0, 0, 0, 0, 0, 0, 0, 0, 0], [0, 0, 0, 0, 0, 0, 0, 0, 0, 0], [0, 0, 0, 0, 0, 0, 0, 0, 0, 0], [0, 0, 0, 0, 0, 0, 0, 0, 0, 0], [0, 0, 0, 0, 0, 0, 0, 0, 0, 0], [0, 0, 0, 0, 0, 0, 0, 0, 0, 0], [0, 0, 0, 0, 0, 0, 0, 0, 0, 0], [0, 0, 0, 0, 0, 0, 0, 0, 0, 0], [0, 0, 0, 0, 0, 0, 0, 0, 0, 0], [0, 0, 0, 0, 0, 0, 0, 0, 0, 0], [0, 1, 1, 0, 5, 0, 0, 0, 0, 0], [0, 2, 1, 1, 5, 0, 0, 0, 0, 0], [0, 2, 2, 5, 5, 3, 3, 0, 0, 0], [0, 6, 2, 3, 3, 3, 3, 0, 0, 0], [7, 6, 6, 3, 3, 4, 4, 0, 0, 0], [7, 6, 7, 7, 7, 7, 4, 7, 0, 0], [7, 2, 0, 4, 4, 4, 4, 7, 0, 0], [7, 2, 2, 4, 6, 0, 4, 7, 7, 0], [5, 5, 2, 6, 6, 6, 4, 7, 7, 0]]"
24,Drop,4,"[[0, 0, 0, 0, 0, 0, 0, 0, 0, 0], [0, 0, 0, 0, 0, 0, 0, 0, 0, 0], [0, 0, 0, 0, 0, 0, 0, 0, 0, 0], [0, 0, 0, 0, 0, 0, 0, 0, 0, 0], [0, 0, 0, 0, 0, 0, 0, 0, 0, 0], [0, 0, 0, 0, 0, 0, 0, 0, 0, 0], [0, 0, 0, 0, 0, 0, 0, 0, 0, 0], [0, 0, 0, 0, 0, 0, 0, 0, 0, 0], [0, 0, 0, 0, 0, 0, 0, 0, 0, 0], [0, 0, 0, 0, 0, 0, 0, 0, 0, 0], [0, 0, 0, 0, 0, 4, 0, 0, 0, 0], [0, 1, 1, 0, 5, 4, 0, 0, 0, 0], [0, 2, 1, 1, 5, 4, 4, 0, 0, 0], [0, 2, 2, 5, 5, 3, 3, 0, 0, 0], [0, 6, 2, 3, 3, 3, 3, 0, 0, 0], [7, 6, 6, 3, 3, 4, 4, 0, 0, 0], [7, 6, 7, 7, 7, 7, 4, 7, 0, 0], [7, 2, 0, 4, 4, 4, 4, 7, 0, 0], [7, 2, 2, 4, 6, 0, 4, 7, 7, 0], [5, 5, 2, 6, 6, 6, 4, 7, 7, 0]]"
25,Drop,3,"[[0, 0, 0, 0, 0, 0, 0, 0, 0, 0], [0, 0, 0, 0, 0, 0, 0, 0, 0, 0], [0, 0, 0, 0, 0, 0, 0, 0, 0, 0], [0, 0, 0, 0, 0, 0, 0, 0, 0, 0], [0, 0, 0, 0, 0, 0, 0, 0, 0, 0], [0, 0, 0, 0, 0, 0, 0, 0, 0, 0], [0, 0, 0, 0, 0, 0, 0, 0, 0, 0], [0, 0, 0, 0, 0, 0, 0, 0, 0, 0], [0, 0, 0, 0, 0, 0, 0, 0, 0, 0], [0, 3, 3, 0, 0, 0, 0, 0, 0, 0], [0, 3, 3, 0, 0, 4, 0, 0, 0, 0], [0, 1, 1, 0, 5, 4, 0, 0, 0, 0], [0, 2, 1, 1, 5, 4, 4, 0, 0, 0], [0, 2, 2, 5, 5, 3, 3, 0, 0, 0], [0, 6, 2, 3, 3, 3, 3, 0, 0, 0], [7, 6, 6, 3, 3, 4, 4, 0, 0, 0], [7, 6, 7, 7, 7, 7, 4, 7, 0, 0], [7, 2, 0, 4, 4, 4, 4, 7, 0, 0], [7, 2, 2, 4, 6, 0, 4, 7, 7, 0], [5, 5, 2, 6, 6, 6, 4, 7, 7, 0]]"
26,Drop,2,"[[0, 0, 0, 0, 0, 0, 0, 0, 0, 0], [0, 0, 0, 0, 0, 0, 0, 0, 0, 0], [0, 0, 0, 0, 0, 0, 0, 0, 0, 0], [0, 0, 0, 0, 0, 0, 0, 0, 0, 0], [0, 0, 0, 0, 0, 0, 0, 0, 0, 0], [0, 0, 0, 0, 0, 0, 0, 0, 0, 0], [0, 0, 0, 0, 0, 0, 0, 0, 0, 0], [0, 0, 0, 0, 0, 0, 0, 0, 0, 0], [0, 0, 0, 0, 0, 0, 0, 0, 0, 0], [0, 3, 3, 0, 2, 2, 0, 0, 0, 0], [0, 3, 3, 2, 2, 4, 0, 0, 0, 0], [0, 1, 1, 0, 5, 4, 0, 0, 0, 0], [0, 2, 1, 1, 5, 4, 4, 0, 0, 0], [0, 2, 2, 5, 5, 3, 3, 0, 0, 0], [0, 6, 2, 3, 3, 3, 3, 0, 0, 0], [7, 6, 6, 3, 3, 4, 4, 0, 0, 0], [7, 6, 7, 7, 7, 7, 4, 7, 0, 0], [7, 2, 0, 4, 4, 4, 4, 7, 0, 0], [7, 2, 2, 4, 6, 0, 4, 7, 7, 0], [5, 5, 2, 6, 6, 6, 4, 7, 7, 0]]"
27,Drop,7,"[[0, 0, 0, 0, 0, 0, 0, 0, 0, 0], [0, 0, 0, 0, 0, 0, 0, 0, 0, 0], [0, 0, 0, 0, 0, 0, 0, 0, 0, 0], [0, 0, 0, 0, 0, 0, 0, 0, 0, 0], [0, 0, 0, 0, 0, 0, 0, 0, 0, 0], [0, 0, 0, 0, 0, 0, 0, 0, 0, 0], [0, 0, 0, 0, 0, 0, 0, 0, 0, 0], [0, 0, 0, 0, 0, 0, 0, 0, 0, 0], [0, 0, 0, 0, 0, 0, 0, 0, 0, 0], [0, 0, 0, 0, 0, 0, 0, 0, 0, 0], [0, 3, 3, 0, 2, 2, 0, 0, 0, 0], [0, 3, 3, 2, 2, 4, 0, 0, 0, 0], [0, 1, 1, 0, 5, 4, 0, 0, 0, 0], [0, 2, 1, 1, 5, 4, 4, 0, 0, 0], [0, 2, 2, 5, 5, 3, 3, 0, 0, 0], [0, 6, 2, 3, 3, 3, 3, 0, 0, 0], [7, 6, 6, 3, 3, 4, 4, 0, 0, 0], [7, 6, 7, 7, 7, 7, 4, 7, 0, 7], [7, 2, 0, 4, 4, 4, 4, 7, 0, 7], [7, 2, 2, 4, 6, 0, 4, 7, 7, 7]]"
28,Drop,5,"[[0, 0, 0, 0, 0, 0, 0, 0, 0, 0], [0, 0, 0, 0, 0, 0, 0, 0, 0, 0], [0, 0, 0, 0, 0, 0, 0, 0, 0, 0], [0, 0, 0, 0, 0, 0, 0, 0, 0, 0], [0, 0, 0, 0, 0, 0, 0, 0, 0, 0], [0, 0, 0, 0, 0, 0, 0, 0, 0, 0], [0, 0, 0, 0, 0, 0, 0, 0, 0, 0], [0, 0, 0, 0, 0, 0, 0, 0, 0, 0], [0, 0, 0, 0, 0, 0, 0, 0, 0, 0], [0, 0, 0, 0, 0, 0, 0, 0, 0, 0], [0, 0, 0, 0, 0, 0, 0, 0, 0, 0], [0, 3, 3, 0, 2, 2, 0, 0, 0, 0], [0, 3, 3, 2, 2, 4, 0, 0, 0, 0], [0, 1, 1, 0, 5, 4, 0, 0, 0, 0], [0, 2, 1, 1, 5, 4, 4, 0, 0, 0], [0, 2, 2, 5, 5, 3, 3, 0, 0, 0], [0, 6, 2, 3, 3, 3, 3, 0, 0, 0], [7, 6, 6, 3, 3, 4, 4, 0, 5, 5], [7, 2, 0, 4, 4, 4, 4, 7, 5, 7], [7, 2, 2, 4, 6, 0, 4, 7, 7, 7]]"
29,Drop,6,"[[0, 0, 0, 0, 0, 0, 0, 0, 0, 0], [0, 0, 0, 0, 0, 0, 0, 0, 0, 0], [0, 0, 0, 0, 0, 0, 0, 0, 0, 0], [0, 0, 0, 0, 0, 0, 0, 0, 0, 0], [0, 0, 0, 0, 0, 0, 0, 0, 0, 0], [0, 0, 0, 0, 0, 0, 0, 0, 0, 0], [0, 0, 0, 0, 0, 0, 0, 0, 0, 0], [0, 0, 0, 0, 0, 0, 0, 0, 0, 0], [0, 0, 0, 0, 0, 0, 0, 0, 0, 0], [0, 0, 0, 0, 0, 0, 0, 0, 0, 0], [0, 0, 0, 0, 0, 0, 0, 0, 0, 0], [0, 0, 0, 0, 0, 0, 0, 0, 0, 0], [0, 3, 3, 0, 2, 2, 0, 0, 0, 0], [0, 3, 3, 2, 2, 4, 0, 0, 0, 0], [0, 1, 1, 0, 5, 4, 0, 0, 0, 0], [0, 2, 1, 1, 5, 4, 4, 0, 0, 0], [0, 2, 2, 5, 5, 3, 3, 6, 0, 0], [0, 6, 2, 3, 3, 3, 3, 6, 6, 0], [7, 2, 0, 4, 4, 4, 4, 7, 5, 7], [7, 2, 2, 4, 6, 0, 4, 7, 7, 7]]"
30,Drop,1,"[[0, 0, 0, 0, 0, 0, 0, 0, 0, 0], [0, 0, 0, 0, 0, 0, 0, 0, 0, 0], [0, 0, 0, 0, 0, 0, 0, 0, 0, 0], [0, 0, 0, 0, 0, 0, 0, 0, 0, 0], [0, 0, 0, 0, 0, 0, 0, 0, 0, 0], [0, 0, 0, 0, 0, 0, 0, 0, 0, 0], [0, 0, 0, 0, 0, 0, 0, 0, 0, 0], [0, 0, 0, 0, 0, 0, 0, 0, 0, 0], [0, 0, 0, 0, 0, 0, 0, 0, 0, 0], [0, 0, 0, 0, 0, 0, 0, 0, 0, 0], [0, 0, 0, 0, 1, 0, 0, 0, 0, 0], [0, 0, 0, 1, 1, 0, 0, 0, 0, 0], [0, 3, 3, 1, 2, 2, 0, 0, 0, 0], [0, 3, 3, 2, 2, 4, 0, 0, 0, 0], [0, 1, 1, 0, 5, 4, 0, 0, 0, 0], [0, 2, 1, 1, 5, 4, 4, 0, 0, 0], [0, 2, 2, 5, 5, 3, 3, 6, 0, 0], [0, 6, 2, 3, 3, 3, 3, 6, 6, 0], [7, 2, 0, 4, 4, 4, 4, 7, 5, 7], [7, 2, 2, 4, 6, 0, 4, 7, 7, 7]]"
31,Drop,5,"[[0, 0, 0, 0, 0, 0, 0, 0, 0, 0], [0, 0, 0, 0, 0, 0, 0, 0, 0, 0], [0, 0, 0, 0, 0, 0, 0, 0, 0, 0], [0, 0, 0, 0, 0, 0, 0, 0, 0, 0], [0, 0, 0, 0, 0, 0, 0, 0, 0, 0], [0, 0, 0, 0, 0, 0, 0, 0, 0, 0], [0, 0, 0, 0, 0, 0, 0, 0, 0, 0], [0, 0, 0, 0, 0, 0, 0, 0, 0, 0], [0, 0, 0, 0, 0, 0, 0, 0, 0, 0], [0, 0, 0, 0, 0, 0, 0, 0, 0, 0], [0, 0, 0, 0, 1, 0, 0, 0, 0, 0], [0, 0, 0, 1, 1, 0, 0, 0, 0, 0], [0, 3, 3, 1, 2, 2, 0, 0, 0, 0], [0, 3, 3, 2, 2, 4, 0, 0, 0, 0], [0, 1, 1, 0, 5, 4, 0, 0, 0, 5], [0, 2, 1, 1, 5, 4, 4, 0, 0, 5], [0, 2, 2, 5, 5, 3, 3, 6, 5, 5], [0, 6, 2, 3, 3, 3, 3, 6, 6, 0], [7, 2, 0, 4, 4, 4, 4, 7, 5, 7], [7, 2, 2, 4, 6, 0, 4, 7, 7, 7]]"
32,Drop,2,"[[0, 0, 0, 0, 0, 0, 0, 0, 0, 0], [0, 0, 0, 0, 0, 0, 0, 0, 0, 0], [0, 0, 0, 0, 0, 0, 0, 0, 0, 0], [0, 0, 0, 0, 0, 0, 0, 0, 0, 0], [0, 0, 0, 0, 0, 0, 0, 0, 0, 0], [0, 0, 0, 0, 0, 0, 0, 0, 0, 0], [0, 0, 0, 0, 0, 0, 0, 0, 0, 0], [0, 0, 0, 0, 0, 0, 0, 0, 0, 0], [0, 0, 0, 0, 0, 0, 0, 0, 0, 0], [0, 0, 0, 0, 0, 0, 0, 0, 0, 0], [0, 0, 2, 2, 1, 0, 0, 0, 0, 0], [0, 2, 2, 1, 1, 0, 0, 0, 0, 0], [0, 3, 3, 1, 2, 2, 0, 0, 0, 0], [0, 3, 3, 2, 2, 4, 0, 0, 0, 0], [0, 1, 1, 0, 5, 4, 0, 0, 0, 5], [0, 2, 1, 1, 5, 4, 4, 0, 0, 5], [0, 2, 2, 5, 5, 3, 3, 6, 5, 5], [0, 6, 2, 3, 3, 3, 3, 6, 6, 0], [7, 2, 0, 4, 4, 4, 4, 7, 5, 7], [7, 2, 2, 4, 6, 0, 4, 7, 7, 7]]"
33,Drop,3,"[[0, 0, 0, 0, 0, 0, 0, 0, 0, 0], [0, 0, 0, 0, 0, 0, 0, 0, 0, 0], [0, 0, 0, 0, 0, 0, 0, 0, 0, 0], [0, 0, 0, 0, 0, 0, 0, 0, 0, 0], [0, 0, 0, 0, 0, 0, 0, 0, 0, 0], [0, 0, 0, 0, 0, 0, 0, 0, 0, 0], [0, 0, 0, 0, 0, 0, 0, 0, 0, 0], [0, 0, 0, 0, 0, 0, 0, 0, 0, 0], [0, 0, 0, 0, 0, 0, 0, 0, 0, 0], [0, 0, 0, 0, 0, 0, 0, 0, 0, 0], [0, 0, 2, 2, 1, 0, 0, 0, 0, 0], [0, 2, 2, 1, 1, 0, 0, 0, 0, 0], [0, 3, 3, 1, 2, 2, 0, 0, 0, 0], [0, 3, 3, 2, 2, 4, 0, 0, 0, 0], [0, 1, 1, 0, 5, 4, 0, 3, 3, 5], [0, 2, 1, 1, 5, 4, 4, 3, 3, 5], [0, 2, 2, 5, 5, 3, 3, 6, 5, 5], [0, 6, 2, 3, 3, 3, 3, 6, 6, 0], [7, 2, 0, 4, 4, 4, 4, 7, 5, 7], [7, 2, 2, 4, 6, 0, 4, 7, 7, 7]]"
34,Drop,1,"[[0, 0, 0, 0, 0, 0, 0, 0, 0, 0], [0, 0, 0, 0, 0, 0, 0, 0, 0, 0], [0, 0, 0, 0, 0, 0, 0, 0, 0, 0], [0, 0, 0, 0, 0, 0, 0, 0, 0, 0], [0, 0, 0, 0, 0, 0, 0, 0, 0, 0], [0, 0, 0, 0, 0, 0, 0, 0, 0, 0], [0, 0, 0, 0, 0, 0, 0, 0, 0, 0], [0, 0, 0, 0, 0, 0, 0, 0, 0, 0], [0, 0, 0, 0, 0, 0, 0, 0, 0, 0], [0, 0, 0, 0, 0, 0, 0, 0, 0, 0], [0, 0, 2, 2, 1, 0, 0, 0, 0, 0], [0, 2, 2, 1, 1, 0, 0, 0, 0, 0], [0, 3, 3, 1, 2, 2, 0, 1, 0, 0], [0, 3, 3, 2, 2, 4, 1, 1, 0, 0], [0, 1, 1, 0, 5, 4, 1, 3, 3, 5], [0, 2, 1, 1, 5, 4, 4, 3, 3, 5], [0, 2, 2, 5, 5, 3, 3, 6, 5, 5], [0, 6, 2, 3, 3, 3, 3, 6, 6, 0], [7, 2, 0, 4, 4, 4, 4, 7, 5, 7], [7, 2, 2, 4, 6, 0, 4, 7, 7, 7]]"
35,Drop,7,"[[0, 0, 0, 0, 0, 0, 0, 0, 0, 0], [0, 0, 0, 0, 0, 0, 0, 0, 0, 0], [0, 0, 0, 0, 0, 0, 0, 0, 0, 0], [0, 0, 0, 0, 0, 0, 0, 0, 0, 0], [0, 0, 0, 0, 0, 0, 0, 0, 0, 0], [0, 0, 0, 0, 0, 0, 0, 0, 0, 0], [0, 0, 0, 0, 0, 0, 0, 0, 0, 0], [0, 0, 0, 0, 0, 0, 0, 0, 0, 0], [0, 0, 0, 0, 0, 0, 0, 0, 0, 0], [7, 7, 7, 7, 0, 0, 0, 0, 0, 0], [0, 0, 2, 2, 1, 0, 0, 0, 0, 0], [0, 2, 2, 1, 1, 0, 0, 0, 0, 0], [0, 3, 3, 1, 2, 2, 0, 1, 0, 0], [0, 3, 3, 2, 2, 4, 1, 1, 0, 0], [0, 1, 1, 0, 5, 4, 1, 3, 3, 5], [0, 2, 1, 1, 5, 4, 4, 3, 3, 5], [0, 2, 2, 5, 5, 3, 3, 6, 5, 5], [0, 6, 2, 3, 3, 3, 3, 6, 6, 0], [7, 2, 0, 4, 4, 4, 4, 7, 5, 7], [7, 2, 2, 4, 6, 0, 4, 7, 7, 7]]"
36,Drop,4,"[[0, 0, 0, 0, 0, 0, 0, 0, 0, 0], [0, 0, 0, 0, 0, 0, 0, 0, 0, 0], [0, 0, 0, 0, 0, 0, 0, 0, 0, 0], [0, 0, 0, 0, 0, 0, 0, 0, 0, 0], [0, 0, 0, 0, 0, 0, 0, 0, 0, 0], [0, 0, 0, 0, 0, 0, 0, 0, 0, 0], [0, 0, 0, 0, 0, 0, 0, 0, 0, 0], [0, 0, 0, 0, 0, 0, 0, 0, 0, 0], [0, 0, 0, 0, 0, 0, 0, 0, 0, 0], [7, 7, 7, 7, 0, 0, 0, 0, 0, 0], [0, 0, 2, 2, 1, 0, 0, 0, 0, 0], [0, 2, 2, 1, 1, 0, 0, 0, 4, 0], [0, 3, 3, 1, 2, 2, 0, 1, 4, 0], [0, 3, 3, 2, 2, 4, 1, 1, 4, 4], [0, 1, 1, 0, 5, 4, 1, 3, 3, 5], [0, 2, 1, 1, 5, 4, 4, 3, 3, 5], [0, 2, 2, 5, 5, 3, 3, 6, 5, 5], [0, 6, 2, 3, 3, 3, 3, 6, 6, 0], [7, 2, 0, 4, 4, 4, 4, 7, 5, 7], [7, 2, 2, 4, 6, 0, 4, 7, 7, 7]]"
37,Drop,5,"[[0, 0, 0, 0, 0, 0, 0, 0, 0, 0], [0, 0, 0, 0, 0, 0, 0, 0, 0, 0], [0, 0, 0, 0, 0, 0, 0, 0, 0, 0], [0, 0, 0, 0, 0, 0, 0, 0, 0, 0], [0, 0, 0, 0, 0, 0, 0, 0, 0, 0], [0, 0, 0, 0, 0, 0, 0, 0, 0, 0], [0, 0, 0, 0, 0, 0, 0, 0, 0, 0], [0, 0, 0, 0, 0, 0, 0, 0, 0, 0], [0, 0, 0, 0, 0, 0, 0, 0, 0, 0], [7, 7, 7, 7, 0, 0, 0, 0, 0, 0], [0, 0, 2, 2, 1, 0, 5, 5, 0, 0], [0, 2, 2, 1, 1, 0, 5, 0, 4, 0], [0, 3, 3, 1, 2, 2, 5, 1, 4, 0], [0, 3, 3, 2, 2, 4, 1, 1, 4, 4], [0, 1, 1, 0, 5, 4, 1, 3, 3, 5], [0, 2, 1, 1, 5, 4, 4, 3, 3, 5], [0, 2, 2, 5, 5, 3, 3, 6, 5, 5], [0, 6, 2, 3, 3, 3, 3, 6, 6, 0], [7, 2, 0, 4, 4, 4, 4, 7, 5, 7], [7, 2, 2, 4, 6, 0, 4, 7, 7, 7]]"
38,Drop,6,"[[0, 0, 0, 0, 0, 0, 0, 0, 0, 0], [0, 0, 0, 0, 0, 0, 0, 0, 0, 0], [0, 0, 0, 0, 0, 0, 0, 0, 0, 0], [0, 0, 0, 0, 0, 0, 0, 0, 0, 0], [0, 0, 0, 0, 0, 0, 0, 0, 0, 0], [0, 0, 0, 0, 0, 0, 0, 0, 0, 0], [0, 0, 0, 0, 0, 0, 0, 0, 0, 0], [0, 0, 0, 0, 6, 0, 0, 0, 0, 0], [0, 0, 0, 6, 6, 6, 0, 0, 0, 0], [7, 7, 7, 7, 0, 0, 0, 0, 0, 0], [0, 0, 2, 2, 1, 0, 5, 5, 0, 0], [0, 2, 2, 1, 1, 0, 5, 0, 4, 0], [0, 3, 3, 1, 2, 2, 5, 1, 4, 0], [0, 3, 3, 2, 2, 4, 1, 1, 4, 4], [0, 1, 1, 0, 5, 4, 1, 3, 3, 5], [0, 2, 1, 1, 5, 4, 4, 3, 3, 5], [0, 2, 2, 5, 5, 3, 3, 6, 5, 5], [0, 6, 2, 3, 3, 3, 3, 6, 6, 0], [7, 2, 0, 4, 4, 4, 4, 7, 5, 7], [7, 2, 2, 4, 6, 0, 4, 7, 7, 7]]"
39,Drop,2,"[[0, 0, 0, 0, 0, 0, 0, 0, 0, 0], [0, 0, 0, 0, 0, 0, 0, 0, 0, 0], [0, 0, 0, 0, 0, 0, 0, 0, 0, 0], [0, 0, 0, 0, 0, 0, 0, 0, 0, 0], [0, 0, 0, 0, 0, 0, 0, 0, 0, 0], [0, 0, 0, 0, 2, 2, 0, 0, 0, 0], [0, 0, 0, 2, 2, 0, 0, 0, 0, 0], [0, 0, 0, 0, 6, 0, 0, 0, 0, 0], [0, 0, 0, 6, 6, 6, 0, 0, 0, 0], [7, 7, 7, 7, 0, 0, 0, 0, 0, 0], [0, 0, 2, 2, 1, 0, 5, 5, 0, 0], [0, 2, 2, 1, 1, 0, 5, 0, 4, 0], [0, 3, 3, 1, 2, 2, 5, 1, 4, 0], [0, 3, 3, 2, 2, 4, 1, 1, 4, 4], [0, 1, 1, 0, 5, 4, 1, 3, 3, 5], [0, 2, 1, 1, 5, 4, 4, 3, 3, 5], [0, 2, 2, 5, 5, 3, 3, 6, 5, 5], [0, 6, 2, 3, 3, 3, 3, 6, 6, 0], [7, 2, 0, 4, 4, 4, 4, 7, 5, 7], [7, 2, 2, 4, 6, 0, 4, 7, 7, 7]]"
40,Drop,2,"[[0, 0, 0, 0, 0, 0, 0, 0, 0, 0], [0, 0, 0, 0, 0, 0, 0, 0, 0, 0], [0, 0, 0, 0, 0, 0, 0, 0, 0, 0], [0, 0, 0, 0, 2, 2, 0, 0, 0, 0], [0, 0, 0, 2, 2, 0, 0, 0, 0, 0], [0, 0, 0, 0, 2, 2, 0, 0, 0, 0], [0, 0, 0, 2, 2, 0, 0, 0, 0, 0], [0, 0, 0, 0, 6, 0, 0, 0, 0, 0], [0, 0, 0, 6, 6, 6, 0, 0, 0, 0], [7, 7, 7, 7, 0, 0, 0, 0, 0, 0], [0, 0, 2, 2, 1, 0, 5, 5, 0, 0], [0, 2, 2, 1, 1, 0, 5, 0, 4, 0], [0, 3, 3, 1, 2, 2, 5, 1, 4, 0], [0, 3, 3, 2, 2, 4, 1, 1, 4, 4], [0, 1, 1, 0, 5, 4, 1, 3, 3, 5], [0, 2, 1, 1, 5, 4, 4, 3, 3, 5], [0, 2, 2, 5, 5, 3, 3, 6, 5, 5], [0, 6, 2, 3, 3, 3, 3, 6, 6, 0], [7, 2, 0, 4, 4, 4, 4, 7, 5, 7], [7, 2, 2, 4, 6, 0, 4, 7, 7, 7]]"
41,Drop,1,"[[0, 0, 0, 0, 0, 0, 0, 0, 0, 0], [0, 0, 0, 1, 1, 0, 0, 0, 0, 0], [0, 0, 0, 0, 1, 1, 0, 0, 0, 0], [0, 0, 0, 0, 2, 2, 0, 0, 0, 0], [0, 0, 0, 2, 2, 0, 0, 0, 0, 0], [0, 0, 0, 0, 2, 2, 0, 0, 0, 0], [0, 0, 0, 2, 2, 0, 0, 0, 0, 0], [0, 0, 0, 0, 6, 0, 0, 0, 0, 0], [0, 0, 0, 6, 6, 6, 0, 0, 0, 0], [7, 7, 7, 7, 0, 0, 0, 0, 0, 0], [0, 0, 2, 2, 1, 0, 5, 5, 0, 0], [0, 2, 2, 1, 1, 0, 5, 0, 4, 0], [0, 3, 3, 1, 2, 2, 5, 1, 4, 0], [0, 3, 3, 2, 2, 4, 1, 1, 4, 4], [0, 1, 1, 0, 5, 4, 1, 3, 3, 5], [0, 2, 1, 1, 5, 4, 4, 3, 3, 5], [0, 2, 2, 5, 5, 3, 3, 6, 5, 5], [0, 6, 2, 3, 3, 3, 3, 6, 6, 0], [7, 2, 0, 4, 4, 4, 4, 7, 5, 7], [7, 2, 2, 4, 6, 0, 4, 7, 7, 7]]"
42,Drop,6,"[[0, 0, 0, 6, 6, 6, 0, 0, 0, 0], [0, 0, 0, 1, 1, 0, 0, 0, 0, 0], [0, 0, 0, 0, 1, 1, 0, 0, 0, 0], [0, 0, 0, 0, 2, 2, 0, 0, 0, 0], [0, 0, 0, 2, 2, 0, 0, 0, 0, 0], [0, 0, 0, 0, 2, 2, 0, 0, 0, 0], [0, 0, 0, 2, 2, 0, 0, 0, 0, 0], [0, 0, 0, 0, 6, 0, 0, 0, 0, 0], [0, 0, 0, 6, 6, 6, 0, 0, 0, 0], [7, 7, 7, 7, 0, 0, 0, 0, 0, 0], [0, 0, 2, 2, 1, 0, 5, 5, 0, 0], [0, 2, 2, 1, 1, 0, 5, 0, 4, 0], [0, 3, 3, 1, 2, 2, 5, 1, 4, 0], [0, 3, 3, 2, 2, 4, 1, 1, 4, 4], [0, 1, 1, 0, 5, 4, 1, 3, 3, 5], [0, 2, 1, 1, 5, 4, 4, 3, 3, 5], [0, 2, 2, 5, 5, 3, 3, 6, 5, 5], [0, 6, 2, 3, 3, 3, 3, 6, 6, 0], [7, 2, 0, 4, 4, 4, 4, 7, 5, 7], [7, 2, 2, 4, 6, 0, 4, 7, 7, 7]]"
