SrNo,ActionPerformed,PieceNumber,PassiveGameboard
1,NoAction,4,"[[0, 0, 0, 0, 0, 0, 0, 0, 0, 0], [0, 0, 0, 0, 0, 0, 0, 0, 0, 0], [0, 0, 0, 0, 0, 0, 0, 0, 0, 0], [0, 0, 0, 0, 0, 0, 0, 0, 0, 0], [0, 0, 0, 0, 0, 0, 0, 0, 0, 0], [0, 0, 0, 0, 0, 0, 0, 0, 0, 0], [0, 0, 0, 0, 0, 0, 0, 0, 0, 0], [0, 0, 0, 0, 0, 0, 0, 0, 0, 0], [0, 0, 0, 0, 0, 0, 0, 0, 0, 0], [0, 0, 0, 0, 0, 0, 0, 0, 0, 0], [0, 0, 0, 0, 0, 0, 0, 0, 0, 0], [0, 0, 0, 0, 0, 0, 0, 0, 0, 0], [0, 0, 0, 0, 0, 0, 0, 0, 0, 0], [0, 0, 0, 0, 0, 0, 0, 0, 0, 0], [0, 0, 0, 0, 0, 0, 0, 0, 0, 0], [0, 0, 0, 0, 0, 0, 0, 0, 0, 0], [0, 0, 0, 0, 0, 0, 0, 0, 0, 0], [0, 0, 0, 0, 0, 0, 0, 0, 0, 0], [0, 0, 0, 0, 0, 0, 0, 0, 0, 0], [0, 0, 0, 0, 0, 0, 0, 0, 0, 0]]"
2,Drop,4,"[[0, 0, 0, 0, 0, 0, 0, 0, 0, 0], [0, 0, 0, 0, 0, 0, 0, 0, 0, 0], [0, 0, 0, 0, 0, 0, 0, 0, 0, 0], [0, 0, 0, 0, 0, 0, 0, 0, 0, 0], [0, 0, 0, 0, 0, 0, 0, 0, 0, 0], [0, 0, 0, 0, 0, 0, 0, 0, 0, 0], [0, 0, 0, 0, 0, 0, 0, 0, 0, 0], [0, 0, 0, 0, 0, 0, 0, 0, 0, 0], [0, 0, 0, 0, 0, 0, 0, 0, 0, 0], [0, 0, 0, 0, 0, 0, 0, 0, 0, 0], [0, 0, 0, 0, 0, 0, 0, 0, 0, 0], [0, 0, 0, 0, 0, 0, 0, 0, 0, 0], [0, 0, 0, 0, 0, 0, 0, 0, 0, 0], [0, 0, 0, 0, 0, 0, 0, 0, 0, 0], [0, 0, 0, 0, 0, 0, 0, 0, 0, 0], [0, 0, 0, 0, 0, 0, 0, 0, 0, 0], [0, 0, 0, 0, 0, 0, 0, 0, 0, 0], [0, 0, 0, 0, 0, 0, 0, 0, 0, 0], [0, 0, 4, 0, 0, 0, 0, 0, 0, 0], [4, 4, 4, 0, 0, 0, 0, 0, 0, 0]]"
3,Drop,5,"[[0, 0, 0, 0, 0, 0, 0, 0, 0, 0], [0, 0, 0, 0, 0, 0, 0, 0, 0, 0], [0, 0, 0, 0, 0, 0, 0, 0, 0, 0], [0, 0, 0, 0, 0, 0, 0, 0, 0, 0], [0, 0, 0, 0, 0, 0, 0, 0, 0, 0], [0, 0, 0, 0, 0, 0, 0, 0, 0, 0], [0, 0, 0, 0, 0, 0, 0, 0, 0, 0], [0, 0, 0, 0, 0, 0, 0, 0, 0, 0], [0, 0, 0, 0, 0, 0, 0, 0, 0, 0], [0, 0, 0, 0, 0, 0, 0, 0, 0, 0], [0, 0, 0, 0, 0, 0, 0, 0, 0, 0], [0, 0, 0, 0, 0, 0, 0, 0, 0, 0], [0, 0, 0, 0, 0, 0, 0, 0, 0, 0], [0, 0, 0, 0, 0, 0, 0, 0, 0, 0], [0, 0, 0, 0, 0, 0, 0, 0, 0, 0], [0, 0, 0, 0, 0, 0, 0, 0, 0, 0], [0, 0, 0, 0, 0, 0, 0, 0, 0, 0], [0, 0, 0, 0, 0, 0, 0, 0, 0, 0], [0, 0, 4, 5, 0, 0, 0, 0, 0, 0], [4, 4, 4, 5, 5, 5, 0, 0, 0, 0]]"
4,Hold,7,"[[0, 0, 0, 0, 0, 0, 0, 0, 0, 0], [0, 0, 0, 0, 0, 0, 0, 0, 0, 0], [0, 0, 0, 0, 0, 0, 0, 0, 0, 0], [0, 0, 0, 0, 0, 0, 0, 0, 0, 0], [0, 0, 0, 0, 0, 0, 0, 0, 0, 0], [0, 0, 0, 0, 0, 0, 0, 0, 0, 0], [0, 0, 0, 0, 0, 0, 0, 0, 0, 0], [0, 0, 0, 0, 0, 0, 0, 0, 0, 0], [0, 0, 0, 0, 0, 0, 0, 0, 0, 0], [0, 0, 0, 0, 0, 0, 0, 0, 0, 0], [0, 0, 0, 0, 0, 0, 0, 0, 0, 0], [0, 0, 0, 0, 0, 0, 0, 0, 0, 0], [0, 0, 0, 0, 0, 0, 0, 0, 0, 0], [0, 0, 0, 0, 0, 0, 0, 0, 0, 0], [0, 0, 0, 0, 0, 0, 0, 0, 0, 0], [0, 0, 0, 0, 0, 0, 0, 0, 0, 0], [0, 0, 0, 0, 0, 0, 0, 0, 0, 0], [0, 0, 0, 0, 0, 0, 0, 0, 0, 0], [0, 0, 4, 5, 0, 0, 0, 0, 0, 0], [4, 4, 4, 5, 5, 5, 0, 0, 0, 0]]"
5,Drop,1,"[[0, 0, 0, 0, 0, 0, 0, 0, 0, 0], [0, 0, 0, 0, 0, 0, 0, 0, 0, 0], [0, 0, 0, 0, 0, 0, 0, 0, 0, 0], [0, 0, 0, 0, 0, 0, 0, 0, 0, 0], [0, 0, 0, 0, 0, 0, 0, 0, 0, 0], [0, 0, 0, 0, 0, 0, 0, 0, 0, 0], [0, 0, 0, 0, 0, 0, 0, 0, 0, 0], [0, 0, 0, 0, 0, 0, 0, 0, 0, 0], [0, 0, 0, 0, 0, 0, 0, 0, 0, 0], [0, 0, 0, 0, 0, 0, 0, 0, 0, 0], [0, 0, 0, 0, 0, 0, 0, 0, 0, 0], [0, 0, 0, 0, 0, 0, 0, 0, 0, 0], [0, 0, 0, 0, 0, 0, 0, 0, 0, 0], [0, 0, 0, 0, 0, 0, 0, 0, 0, 0], [0, 0, 0, 0, 0, 0, 0, 0, 0, 0], [0, 0, 0, 0, 0, 0, 0, 0, 0, 0], [0, 0, 0, 0, 0, 0, 0, 0, 0, 0], [0, 0, 0, 0, 0, 0, 0, 0, 0, 0], [0, 0, 4, 5, 0, 1, 1, 0, 0, 0], [4, 4, 4, 5, 5, 5, 1, 1, 0, 0]]"
6,Drop,1,"[[0, 0, 0, 0, 0, 0, 0, 0, 0, 0], [0, 0, 0, 0, 0, 0, 0, 0, 0, 0], [0, 0, 0, 0, 0, 0, 0, 0, 0, 0], [0, 0, 0, 0, 0, 0, 0, 0, 0, 0], [0, 0, 0, 0, 0, 0, 0, 0, 0, 0], [0, 0, 0, 0, 0, 0, 0, 0, 0, 0], [0, 0, 0, 0, 0, 0, 0, 0, 0, 0], [0, 0, 0, 0, 0, 0, 0, 0, 0, 0], [0, 0, 0, 0, 0, 0, 0, 0, 0, 0], [0, 0, 0, 0, 0, 0, 0, 0, 0, 0], [0, 0, 0, 0, 0, 0, 0, 0, 0, 0], [0, 0, 0, 0, 0, 0, 0, 0, 0, 0], [0, 0, 0, 0, 0, 0, 0, 0, 0, 0], [0, 0, 0, 0, 0, 0, 0, 0, 0, 0], [0, 0, 0, 0, 0, 0, 0, 0, 0, 0], [0, 0, 0, 0, 0, 0, 0, 0, 0, 0], [0, 0, 0, 0, 0, 0, 0, 0, 0, 0], [0, 0, 0, 0, 0, 0, 0, 0, 0, 0], [0, 0, 0, 0, 0, 0, 0, 0, 0, 0], [0, 0, 4, 5, 0, 1, 1, 1, 1, 0]]"
7,Drop,7,"[[0, 0, 0, 0, 0, 0, 0, 0, 0, 0], [0, 0, 0, 0, 0, 0, 0, 0, 0, 0], [0, 0, 0, 0, 0, 0, 0, 0, 0, 0], [0, 0, 0, 0, 0, 0, 0, 0, 0, 0], [0, 0, 0, 0, 0, 0, 0, 0, 0, 0], [0, 0, 0, 0, 0, 0, 0, 0, 0, 0], [0, 0, 0, 0, 0, 0, 0, 0, 0, 0], [0, 0, 0, 0, 0, 0, 0, 0, 0, 0], [0, 0, 0, 0, 0, 0, 0, 0, 0, 0], [0, 0, 0, 0, 0, 0, 0, 0, 0, 0], [0, 0, 0, 0, 0, 0, 0, 0, 0, 0], [0, 0, 0, 0, 0, 0, 0, 0, 0, 0], [0, 0, 0, 0, 0, 0, 0, 0, 0, 0], [0, 0, 0, 0, 0, 0, 0, 0, 0, 0], [0, 0, 0, 0, 0, 0, 0, 0, 0, 0], [0, 0, 0, 0, 0, 0, 0, 0, 0, 0], [7, 0, 0, 0, 0, 0, 0, 0, 0, 0], [7, 0, 0, 0, 0, 0, 0, 0, 0, 0], [7, 0, 0, 0, 0, 0, 0, 0, 0, 0], [7, 0, 4, 5, 0, 1, 1, 1, 1, 0]]"
8,Drop,1,"[[0, 0, 0, 0, 0, 0, 0, 0, 0, 0], [0, 0, 0, 0, 0, 0, 0, 0, 0, 0], [0, 0, 0, 0, 0, 0, 0, 0, 0, 0], [0, 0, 0, 0, 0, 0, 0, 0, 0, 0], [0, 0, 0, 0, 0, 0, 0, 0, 0, 0], [0, 0, 0, 0, 0, 0, 0, 0, 0, 0], [0, 0, 0, 0, 0, 0, 0, 0, 0, 0], [0, 0, 0, 0, 0, 0, 0, 0, 0, 0], [0, 0, 0, 0, 0, 0, 0, 0, 0, 0], [0, 0, 0, 0, 0, 0, 0, 0, 0, 0], [0, 0, 0, 0, 0, 0, 0, 0, 0, 0], [0, 0, 0, 0, 0, 0, 0, 0, 0, 0], [0, 0, 0, 0, 0, 0, 0, 0, 0, 0], [0, 0, 0, 0, 0, 0, 0, 0, 0, 0], [0, 0, 0, 0, 0, 0, 0, 0, 0, 0], [0, 0, 0, 0, 0, 0, 0, 0, 0, 0], [7, 0, 0, 0, 0, 0, 0, 0, 0, 0], [7, 0, 1, 0, 0, 0, 0, 0, 0, 0], [7, 1, 1, 0, 0, 0, 0, 0, 0, 0], [7, 1, 4, 5, 0, 1, 1, 1, 1, 0]]"
9,Drop,3,"[[0, 0, 0, 0, 0, 0, 0, 0, 0, 0], [0, 0, 0, 0, 0, 0, 0, 0, 0, 0], [0, 0, 0, 0, 0, 0, 0, 0, 0, 0], [0, 0, 0, 0, 0, 0, 0, 0, 0, 0], [0, 0, 0, 0, 0, 0, 0, 0, 0, 0], [0, 0, 0, 0, 0, 0, 0, 0, 0, 0], [0, 0, 0, 0, 0, 0, 0, 0, 0, 0], [0, 0, 0, 0, 0, 0, 0, 0, 0, 0], [0, 0, 0, 0, 0, 0, 0, 0, 0, 0], [0, 0, 0, 0, 0, 0, 0, 0, 0, 0], [0, 0, 0, 0, 0, 0, 0, 0, 0, 0], [0, 0, 0, 0, 0, 0, 0, 0, 0, 0], [0, 0, 0, 0, 0, 0, 0, 0, 0, 0], [0, 0, 0, 0, 0, 0, 0, 0, 0, 0], [0, 0, 0, 0, 0, 0, 0, 0, 0, 0], [0, 0, 0, 0, 0, 0, 0, 0, 0, 0], [7, 0, 0, 0, 0, 0, 0, 0, 0, 0], [7, 0, 1, 0, 0, 0, 3, 3, 0, 0], [7, 1, 1, 0, 0, 0, 3, 3, 0, 0], [7, 1, 4, 5, 0, 1, 1, 1, 1, 0]]"
10,Drop,5,"[[0, 0, 0, 0, 0, 0, 0, 0, 0, 0], [0, 0, 0, 0, 0, 0, 0, 0, 0, 0], [0, 0, 0, 0, 0, 0, 0, 0, 0, 0], [0, 0, 0, 0, 0, 0, 0, 0, 0, 0], [0, 0, 0, 0, 0, 0, 0, 0, 0, 0], [0, 0, 0, 0, 0, 0, 0, 0, 0, 0], [0, 0, 0, 0, 0, 0, 0, 0, 0, 0], [0, 0, 0, 0, 0, 0, 0, 0, 0, 0], [0, 0, 0, 0, 0, 0, 0, 0, 0, 0], [0, 0, 0, 0, 0, 0, 0, 0, 0, 0], [0, 0, 0, 0, 0, 0, 0, 0, 0, 0], [0, 0, 0, 0, 0, 0, 0, 0, 0, 0], [0, 0, 0, 0, 0, 0, 0, 0, 0, 0], [0, 0, 0, 0, 0, 0, 0, 0, 0, 0], [0, 0, 0, 0, 0, 0, 0, 0, 0, 0], [0, 0, 0, 0, 0, 0, 0, 0, 0, 0], [7, 0, 0, 0, 0, 5, 5, 0, 0, 0], [7, 0, 1, 0, 0, 5, 3, 3, 0, 0], [7, 1, 1, 0, 0, 5, 3, 3, 0, 0], [7, 1, 4, 5, 0, 1, 1, 1, 1, 0]]"
11,Drop,4,"[[0, 0, 0, 0, 0, 0, 0, 0, 0, 0], [0, 0, 0, 0, 0, 0, 0, 0, 0, 0], [0, 0, 0, 0, 0, 0, 0, 0, 0, 0], [0, 0, 0, 0, 0, 0, 0, 0, 0, 0], [0, 0, 0, 0, 0, 0, 0, 0, 0, 0], [0, 0, 0, 0, 0, 0, 0, 0, 0, 0], [0, 0, 0, 0, 0, 0, 0, 0, 0, 0], [0, 0, 0, 0, 0, 0, 0, 0, 0, 0], [0, 0, 0, 0, 0, 0, 0, 0, 0, 0], [0, 0, 0, 0, 0, 0, 0, 0, 0, 0], [0, 0, 0, 0, 0, 0, 0, 0, 0, 0], [0, 0, 0, 0, 0, 0, 0, 0, 0, 0], [0, 0, 0, 0, 0, 0, 0, 0, 0, 0], [0, 0, 0, 0, 0, 0, 0, 0, 0, 0], [0, 0, 0, 0, 0, 0, 0, 0, 0, 0], [0, 0, 0, 0, 0, 0, 0, 0, 0, 0], [7, 0, 0, 0, 0, 5, 5, 4, 4, 0], [7, 0, 1, 0, 0, 5, 3, 3, 4, 0], [7, 1, 1, 0, 0, 5, 3, 3, 4, 0], [7, 1, 4, 5, 0, 1, 1, 1, 1, 0]]"
12,Hold,7,"[[0, 0, 0, 0, 0, 0, 0, 0, 0, 0], [0, 0, 0, 0, 0, 0, 0, 0, 0, 0], [0, 0, 0, 0, 0, 0, 0, 0, 0, 0], [0, 0, 0, 0, 0, 0, 0, 0, 0, 0], [0, 0, 0, 0, 0, 0, 0, 0, 0, 0], [0, 0, 0, 0, 0, 0, 0, 0, 0, 0], [0, 0, 0, 0, 0, 0, 0, 0, 0, 0], [0, 0, 0, 0, 0, 0, 0, 0, 0, 0], [0, 0, 0, 0, 0, 0, 0, 0, 0, 0], [0, 0, 0, 0, 0, 0, 0, 0, 0, 0], [0, 0, 0, 0, 0, 0, 0, 0, 0, 0], [0, 0, 0, 0, 0, 0, 0, 0, 0, 0], [0, 0, 0, 0, 0, 0, 0, 0, 0, 0], [0, 0, 0, 0, 0, 0, 0, 0, 0, 0], [0, 0, 0, 0, 0, 0, 0, 0, 0, 0], [0, 0, 0, 0, 0, 0, 0, 0, 0, 0], [7, 0, 0, 0, 0, 5, 5, 4, 4, 0], [7, 0, 1, 0, 0, 5, 3, 3, 4, 0], [7, 1, 1, 0, 0, 5, 3, 3, 4, 0], [7, 1, 4, 5, 0, 1, 1, 1, 1, 0]]"
13,Drop,7,"[[0, 0, 0, 0, 0, 0, 0, 0, 0, 0], [0, 0, 0, 0, 0, 0, 0, 0, 0, 0], [0, 0, 0, 0, 0, 0, 0, 0, 0, 0], [0, 0, 0, 0, 0, 0, 0, 0, 0, 0], [0, 0, 0, 0, 0, 0, 0, 0, 0, 0], [0, 0, 0, 0, 0, 0, 0, 0, 0, 0], [0, 0, 0, 0, 0, 0, 0, 0, 0, 0], [0, 0, 0, 0, 0, 0, 0, 0, 0, 0], [0, 0, 0, 0, 0, 0, 0, 0, 0, 0], [0, 0, 0, 0, 0, 0, 0, 0, 0, 0], [0, 0, 0, 0, 0, 0, 0, 0, 0, 0], [0, 0, 0, 0, 0, 0, 0, 0, 0, 0], [0, 0, 0, 0, 0, 0, 0, 0, 0, 0], [0, 0, 0, 0, 0, 0, 0, 0, 0, 0], [0, 0, 0, 0, 0, 0, 0, 0, 0, 0], [0, 0, 0, 0, 0, 0, 0, 0, 0, 0], [7, 0, 0, 0, 7, 5, 5, 4, 4, 0], [7, 0, 1, 0, 7, 5, 3, 3, 4, 0], [7, 1, 1, 0, 7, 5, 3, 3, 4, 0], [7, 1, 4, 5, 7, 1, 1, 1, 1, 0]]"
14,Drop,3,"[[0, 0, 0, 0, 0, 0, 0, 0, 0, 0], [0, 0, 0, 0, 0, 0, 0, 0, 0, 0], [0, 0, 0, 0, 0, 0, 0, 0, 0, 0], [0, 0, 0, 0, 0, 0, 0, 0, 0, 0], [0, 0, 0, 0, 0, 0, 0, 0, 0, 0], [0, 0, 0, 0, 0, 0, 0, 0, 0, 0], [0, 0, 0, 0, 0, 0, 0, 0, 0, 0], [0, 0, 0, 0, 0, 0, 0, 0, 0, 0], [0, 0, 0, 0, 0, 0, 0, 0, 0, 0], [0, 0, 0, 0, 0, 0, 0, 0, 0, 0], [0, 0, 0, 0, 0, 0, 0, 0, 0, 0], [0, 0, 0, 0, 0, 0, 0, 0, 0, 0], [0, 0, 0, 0, 0, 0, 0, 0, 0, 0], [0, 0, 0, 0, 0, 0, 0, 0, 0, 0], [0, 0, 0, 0, 0, 0, 0, 3, 3, 0], [0, 0, 0, 0, 0, 0, 0, 3, 3, 0], [7, 0, 0, 0, 7, 5, 5, 4, 4, 0], [7, 0, 1, 0, 7, 5, 3, 3, 4, 0], [7, 1, 1, 0, 7, 5, 3, 3, 4, 0], [7, 1, 4, 5, 7, 1, 1, 1, 1, 0]]"
15,Hold,5,"[[0, 0, 0, 0, 0, 0, 0, 0, 0, 0], [0, 0, 0, 0, 0, 0, 0, 0, 0, 0], [0, 0, 0, 0, 0, 0, 0, 0, 0, 0], [0, 0, 0, 0, 0, 0, 0, 0, 0, 0], [0, 0, 0, 0, 0, 0, 0, 0, 0, 0], [0, 0, 0, 0, 0, 0, 0, 0, 0, 0], [0, 0, 0, 0, 0, 0, 0, 0, 0, 0], [0, 0, 0, 0, 0, 0, 0, 0, 0, 0], [0, 0, 0, 0, 0, 0, 0, 0, 0, 0], [0, 0, 0, 0, 0, 0, 0, 0, 0, 0], [0, 0, 0, 0, 0, 0, 0, 0, 0, 0], [0, 0, 0, 0, 0, 0, 0, 0, 0, 0], [0, 0, 0, 0, 0, 0, 0, 0, 0, 0], [0, 0, 0, 0, 0, 0, 0, 0, 0, 0], [0, 0, 0, 0, 0, 0, 0, 3, 3, 0], [0, 0, 0, 0, 0, 0, 0, 3, 3, 0], [7, 0, 0, 0, 7, 5, 5, 4, 4, 0], [7, 0, 1, 0, 7, 5, 3, 3, 4, 0], [7, 1, 1, 0, 7, 5, 3, 3, 4, 0], [7, 1, 4, 5, 7, 1, 1, 1, 1, 0]]"
16,Drop,5,"[[0, 0, 0, 0, 0, 0, 0, 0, 0, 0], [0, 0, 0, 0, 0, 0, 0, 0, 0, 0], [0, 0, 0, 0, 0, 0, 0, 0, 0, 0], [0, 0, 0, 0, 0, 0, 0, 0, 0, 0], [0, 0, 0, 0, 0, 0, 0, 0, 0, 0], [0, 0, 0, 0, 0, 0, 0, 0, 0, 0], [0, 0, 0, 0, 0, 0, 0, 0, 0, 0], [0, 0, 0, 0, 0, 0, 0, 0, 0, 0], [0, 0, 0, 0, 0, 0, 0, 0, 0, 0], [0, 0, 0, 0, 0, 0, 0, 0, 0, 0], [0, 0, 0, 0, 0, 0, 0, 0, 0, 0], [0, 0, 0, 0, 0, 0, 0, 0, 0, 0], [0, 0, 0, 0, 0, 0, 0, 0, 0, 0], [0, 0, 0, 0, 0, 0, 5, 5, 0, 0], [0, 0, 0, 0, 0, 0, 5, 3, 3, 0], [0, 0, 0, 0, 0, 0, 5, 3, 3, 0], [7, 0, 0, 0, 7, 5, 5, 4, 4, 0], [7, 0, 1, 0, 7, 5, 3, 3, 4, 0], [7, 1, 1, 0, 7, 5, 3, 3, 4, 0], [7, 1, 4, 5, 7, 1, 1, 1, 1, 0]]"
17,Drop,1,"[[0, 0, 0, 0, 0, 0, 0, 0, 0, 0], [0, 0, 0, 0, 0, 0, 0, 0, 0, 0], [0, 0, 0, 0, 0, 0, 0, 0, 0, 0], [0, 0, 0, 0, 0, 0, 0, 0, 0, 0], [0, 0, 0, 0, 0, 0, 0, 0, 0, 0], [0, 0, 0, 0, 0, 0, 0, 0, 0, 0], [0, 0, 0, 0, 0, 0, 0, 0, 0, 0], [0, 0, 0, 0, 0, 0, 0, 0, 0, 0], [0, 0, 0, 0, 0, 0, 0, 0, 0, 0], [0, 0, 0, 0, 0, 0, 0, 0, 0, 0], [0, 0, 0, 0, 0, 0, 0, 0, 0, 0], [0, 0, 0, 0, 0, 0, 0, 0, 0, 0], [0, 0, 0, 0, 0, 0, 0, 0, 0, 0], [0, 0, 0, 0, 0, 0, 5, 5, 0, 0], [0, 0, 0, 0, 0, 0, 5, 3, 3, 0], [0, 0, 1, 0, 0, 0, 5, 3, 3, 0], [7, 1, 1, 0, 7, 5, 5, 4, 4, 0], [7, 1, 1, 0, 7, 5, 3, 3, 4, 0], [7, 1, 1, 0, 7, 5, 3, 3, 4, 0], [7, 1, 4, 5, 7, 1, 1, 1, 1, 0]]"
18,Drop,2,"[[0, 0, 0, 0, 0, 0, 0, 0, 0, 0], [0, 0, 0, 0, 0, 0, 0, 0, 0, 0], [0, 0, 0, 0, 0, 0, 0, 0, 0, 0], [0, 0, 0, 0, 0, 0, 0, 0, 0, 0], [0, 0, 0, 0, 0, 0, 0, 0, 0, 0], [0, 0, 0, 0, 0, 0, 0, 0, 0, 0], [0, 0, 0, 0, 0, 0, 0, 0, 0, 0], [0, 0, 0, 0, 0, 0, 0, 0, 0, 0], [0, 0, 0, 0, 0, 0, 0, 0, 0, 0], [0, 0, 0, 0, 0, 0, 0, 0, 0, 0], [0, 0, 0, 0, 0, 0, 0, 0, 0, 0], [0, 0, 0, 0, 0, 0, 0, 0, 0, 0], [0, 0, 0, 0, 0, 0, 0, 0, 0, 0], [0, 0, 0, 0, 0, 0, 5, 5, 0, 0], [0, 2, 2, 0, 0, 0, 5, 3, 3, 0], [2, 2, 1, 0, 0, 0, 5, 3, 3, 0], [7, 1, 1, 0, 7, 5, 5, 4, 4, 0], [7, 1, 1, 0, 7, 5, 3, 3, 4, 0], [7, 1, 1, 0, 7, 5, 3, 3, 4, 0], [7, 1, 4, 5, 7, 1, 1, 1, 1, 0]]"
19,Hold,2,"[[0, 0, 0, 0, 0, 0, 0, 0, 0, 0], [0, 0, 0, 0, 0, 0, 0, 0, 0, 0], [0, 0, 0, 0, 0, 0, 0, 0, 0, 0], [0, 0, 0, 0, 0, 0, 0, 0, 0, 0], [0, 0, 0, 0, 0, 0, 0, 0, 0, 0], [0, 0, 0, 0, 0, 0, 0, 0, 0, 0], [0, 0, 0, 0, 0, 0, 0, 0, 0, 0], [0, 0, 0, 0, 0, 0, 0, 0, 0, 0], [0, 0, 0, 0, 0, 0, 0, 0, 0, 0], [0, 0, 0, 0, 0, 0, 0, 0, 0, 0], [0, 0, 0, 0, 0, 0, 0, 0, 0, 0], [0, 0, 0, 0, 0, 0, 0, 0, 0, 0], [0, 0, 0, 0, 0, 0, 0, 0, 0, 0], [0, 0, 0, 0, 0, 0, 5, 5, 0, 0], [0, 2, 2, 0, 0, 0, 5, 3, 3, 0], [2, 2, 1, 0, 0, 0, 5, 3, 3, 0], [7, 1, 1, 0, 7, 5, 5, 4, 4, 0], [7, 1, 1, 0, 7, 5, 3, 3, 4, 0], [7, 1, 1, 0, 7, 5, 3, 3, 4, 0], [7, 1, 4, 5, 7, 1, 1, 1, 1, 0]]"
20,Drop,2,"[[0, 0, 0, 0, 0, 0, 0, 0, 0, 0], [0, 0, 0, 0, 0, 0, 0, 0, 0, 0], [0, 0, 0, 0, 0, 0, 0, 0, 0, 0], [0, 0, 0, 0, 0, 0, 0, 0, 0, 0], [0, 0, 0, 0, 0, 0, 0, 0, 0, 0], [0, 0, 0, 0, 0, 0, 0, 0, 0, 0], [0, 0, 0, 0, 0, 0, 0, 0, 0, 0], [0, 0, 0, 0, 0, 0, 0, 0, 0, 0], [0, 0, 0, 0, 0, 0, 0, 0, 0, 0], [0, 0, 0, 0, 0, 0, 0, 0, 0, 0], [0, 0, 0, 0, 0, 0, 0, 0, 0, 0], [0, 0, 0, 0, 0, 0, 0, 2, 0, 0], [0, 0, 0, 0, 0, 0, 0, 2, 2, 0], [0, 0, 0, 0, 0, 0, 5, 5, 2, 0], [0, 2, 2, 0, 0, 0, 5, 3, 3, 0], [2, 2, 1, 0, 0, 0, 5, 3, 3, 0], [7, 1, 1, 0, 7, 5, 5, 4, 4, 0], [7, 1, 1, 0, 7, 5, 3, 3, 4, 0], [7, 1, 1, 0, 7, 5, 3, 3, 4, 0], [7, 1, 4, 5, 7, 1, 1, 1, 1, 0]]"
21,Drop,7,"[[0, 0, 0, 0, 0, 0, 0, 0, 0, 0], [0, 0, 0, 0, 0, 0, 0, 0, 0, 0], [0, 0, 0, 0, 0, 0, 0, 0, 0, 0], [0, 0, 0, 0, 0, 0, 0, 0, 0, 0], [0, 0, 0, 0, 0, 0, 0, 0, 0, 0], [0, 0, 0, 0, 0, 0, 0, 0, 0, 0], [0, 0, 0, 0, 0, 0, 0, 0, 0, 0], [0, 0, 0, 0, 0, 0, 0, 0, 0, 0], [0, 0, 0, 0, 0, 0, 0, 0, 0, 0], [0, 0, 0, 0, 0, 0, 0, 0, 0, 0], [0, 0, 0, 0, 0, 0, 0, 0, 0, 0], [0, 0, 0, 0, 0, 0, 0, 2, 0, 0], [0, 0, 0, 0, 0, 0, 0, 2, 2, 0], [0, 0, 0, 0, 0, 0, 5, 5, 2, 0], [0, 2, 2, 0, 0, 0, 5, 3, 3, 0], [2, 2, 1, 7, 0, 0, 5, 3, 3, 0], [7, 1, 1, 7, 7, 5, 5, 4, 4, 0], [7, 1, 1, 7, 7, 5, 3, 3, 4, 0], [7, 1, 1, 7, 7, 5, 3, 3, 4, 0], [7, 1, 4, 5, 7, 1, 1, 1, 1, 0]]"
22,Drop,1,"[[0, 0, 0, 0, 0, 0, 0, 0, 0, 0], [0, 0, 0, 0, 0, 0, 0, 0, 0, 0], [0, 0, 0, 0, 0, 0, 0, 0, 0, 0], [0, 0, 0, 0, 0, 0, 0, 0, 0, 0], [0, 0, 0, 0, 0, 0, 0, 0, 0, 0], [0, 0, 0, 0, 0, 0, 0, 0, 0, 0], [0, 0, 0, 0, 0, 0, 0, 0, 0, 0], [0, 0, 0, 0, 0, 0, 0, 0, 0, 0], [0, 0, 0, 0, 0, 0, 0, 0, 0, 0], [0, 0, 0, 0, 0, 0, 0, 0, 0, 0], [0, 0, 0, 0, 0, 0, 0, 0, 0, 0], [0, 0, 0, 0, 0, 0, 0, 2, 0, 0], [0, 0, 0, 0, 0, 0, 0, 2, 2, 0], [0, 0, 0, 0, 0, 0, 5, 5, 2, 0], [0, 2, 2, 1, 1, 0, 5, 3, 3, 0], [2, 2, 1, 7, 1, 1, 5, 3, 3, 0], [7, 1, 1, 7, 7, 5, 5, 4, 4, 0], [7, 1, 1, 7, 7, 5, 3, 3, 4, 0], [7, 1, 1, 7, 7, 5, 3, 3, 4, 0], [7, 1, 4, 5, 7, 1, 1, 1, 1, 0]]"
23,Drop,2,"[[0, 0, 0, 0, 0, 0, 0, 0, 0, 0], [0, 0, 0, 0, 0, 0, 0, 0, 0, 0], [0, 0, 0, 0, 0, 0, 0, 0, 0, 0], [0, 0, 0, 0, 0, 0, 0, 0, 0, 0], [0, 0, 0, 0, 0, 0, 0, 0, 0, 0], [0, 0, 0, 0, 0, 0, 0, 0, 0, 0], [0, 0, 0, 0, 0, 0, 0, 0, 0, 0], [0, 0, 0, 0, 0, 0, 0, 0, 0, 0], [0, 0, 0, 0, 0, 0, 0, 0, 0, 0], [0, 0, 0, 0, 0, 0, 0, 0, 0, 0], [0, 0, 0, 0, 0, 0, 0, 0, 0, 0], [0, 0, 0, 0, 0, 0, 0, 2, 0, 0], [0, 0, 0, 0, 2, 0, 0, 2, 2, 0], [0, 0, 0, 0, 2, 2, 5, 5, 2, 0], [0, 2, 2, 1, 1, 2, 5, 3, 3, 0], [2, 2, 1, 7, 1, 1, 5, 3, 3, 0], [7, 1, 1, 7, 7, 5, 5, 4, 4, 0], [7, 1, 1, 7, 7, 5, 3, 3, 4, 0], [7, 1, 1, 7, 7, 5, 3, 3, 4, 0], [7, 1, 4, 5, 7, 1, 1, 1, 1, 0]]"
24,Drop,6,"[[0, 0, 0, 0, 0, 0, 0, 0, 0, 0], [0, 0, 0, 0, 0, 0, 0, 0, 0, 0], [0, 0, 0, 0, 0, 0, 0, 0, 0, 0], [0, 0, 0, 0, 0, 0, 0, 0, 0, 0], [0, 0, 0, 0, 0, 0, 0, 0, 0, 0], [0, 0, 0, 0, 0, 0, 0, 0, 0, 0], [0, 0, 0, 0, 0, 0, 0, 0, 0, 0], [0, 0, 0, 0, 0, 0, 0, 0, 0, 0], [0, 0, 0, 0, 0, 0, 0, 0, 0, 0], [0, 0, 0, 0, 0, 0, 0, 0, 0, 0], [0, 0, 0, 0, 0, 0, 0, 0, 0, 0], [0, 0, 0, 0, 0, 0, 0, 2, 0, 0], [6, 0, 0, 0, 2, 0, 0, 2, 2, 0], [6, 6, 0, 0, 2, 2, 5, 5, 2, 0], [6, 2, 2, 1, 1, 2, 5, 3, 3, 0], [2, 2, 1, 7, 1, 1, 5, 3, 3, 0], [7, 1, 1, 7, 7, 5, 5, 4, 4, 0], [7, 1, 1, 7, 7, 5, 3, 3, 4, 0], [7, 1, 1, 7, 7, 5, 3, 3, 4, 0], [7, 1, 4, 5, 7, 1, 1, 1, 1, 0]]"
25,Drop,4,"[[0, 0, 0, 0, 0, 0, 0, 0, 0, 0], [0, 0, 0, 0, 0, 0, 0, 0, 0, 0], [0, 0, 0, 0, 0, 0, 0, 0, 0, 0], [0, 0, 0, 0, 0, 0, 0, 0, 0, 0], [0, 0, 0, 0, 0, 0, 0, 0, 0, 0], [0, 0, 0, 0, 0, 0, 0, 0, 0, 0], [0, 0, 0, 0, 0, 0, 0, 0, 0, 0], [0, 0, 0, 0, 0, 0, 0, 0, 0, 0], [0, 0, 0, 0, 0, 0, 0, 0, 0, 0], [0, 0, 0, 0, 0, 0, 0, 0, 0, 0], [0, 0, 0, 0, 0, 0, 0, 0, 0, 0], [0, 0, 4, 0, 0, 0, 0, 2, 0, 0], [6, 0, 4, 0, 2, 0, 0, 2, 2, 0], [6, 6, 4, 4, 2, 2, 5, 5, 2, 0], [6, 2, 2, 1, 1, 2, 5, 3, 3, 0], [2, 2, 1, 7, 1, 1, 5, 3, 3, 0], [7, 1, 1, 7, 7, 5, 5, 4, 4, 0], [7, 1, 1, 7, 7, 5, 3, 3, 4, 0], [7, 1, 1, 7, 7, 5, 3, 3, 4, 0], [7, 1, 4, 5, 7, 1, 1, 1, 1, 0]]"
26,Drop,7,"[[0, 0, 0, 0, 0, 0, 0, 0, 0, 0], [0, 0, 0, 0, 0, 0, 0, 0, 0, 0], [0, 0, 0, 0, 0, 0, 0, 0, 0, 0], [0, 0, 0, 0, 0, 0, 0, 0, 0, 0], [0, 0, 0, 0, 0, 0, 0, 0, 0, 0], [0, 0, 0, 0, 0, 0, 0, 0, 0, 0], [0, 0, 0, 0, 0, 0, 0, 0, 0, 0], [0, 0, 0, 0, 0, 0, 0, 0, 0, 0], [0, 0, 0, 0, 0, 0, 0, 0, 0, 0], [0, 0, 0, 0, 0, 0, 0, 0, 0, 0], [0, 0, 0, 0, 0, 0, 0, 0, 0, 0], [0, 0, 0, 0, 0, 0, 0, 0, 0, 0], [0, 0, 0, 0, 0, 0, 0, 0, 0, 0], [0, 0, 0, 0, 0, 0, 0, 0, 0, 0], [0, 0, 0, 0, 0, 0, 0, 0, 0, 0], [0, 0, 4, 0, 0, 0, 0, 2, 0, 0], [6, 0, 4, 0, 2, 0, 0, 2, 2, 0], [6, 6, 4, 4, 2, 2, 5, 5, 2, 0], [6, 2, 2, 1, 1, 2, 5, 3, 3, 0], [2, 2, 1, 7, 1, 1, 5, 3, 3, 0]]"
27,Drop,4,"[[0, 0, 0, 0, 0, 0, 0, 0, 0, 0], [0, 0, 0, 0, 0, 0, 0, 0, 0, 0], [0, 0, 0, 0, 0, 0, 0, 0, 0, 0], [0, 0, 0, 0, 0, 0, 0, 0, 0, 0], [0, 0, 0, 0, 0, 0, 0, 0, 0, 0], [0, 0, 0, 0, 0, 0, 0, 0, 0, 0], [0, 0, 0, 0, 0, 0, 0, 0, 0, 0], [0, 0, 0, 0, 0, 0, 0, 0, 0, 0], [0, 0, 0, 0, 0, 0, 0, 0, 0, 0], [0, 0, 0, 0, 0, 0, 0, 0, 0, 0], [0, 0, 0, 0, 0, 0, 0, 0, 0, 0], [0, 0, 0, 0, 0, 0, 0, 0, 0, 0], [0, 0, 0, 0, 0, 0, 0, 0, 0, 0], [0, 0, 0, 0, 0, 0, 0, 0, 0, 0], [0, 0, 0, 0, 0, 0, 0, 0, 0, 0], [0, 0, 0, 0, 0, 0, 0, 0, 0, 0], [0, 0, 4, 0, 0, 0, 0, 2, 4, 4], [6, 0, 4, 0, 2, 0, 0, 2, 2, 4], [6, 2, 2, 1, 1, 2, 5, 3, 3, 0], [2, 2, 1, 7, 1, 1, 5, 3, 3, 0]]"
28,Drop,1,"[[0, 0, 0, 0, 0, 0, 0, 0, 0, 0], [0, 0, 0, 0, 0, 0, 0, 0, 0, 0], [0, 0, 0, 0, 0, 0, 0, 0, 0, 0], [0, 0, 0, 0, 0, 0, 0, 0, 0, 0], [0, 0, 0, 0, 0, 0, 0, 0, 0, 0], [0, 0, 0, 0, 0, 0, 0, 0, 0, 0], [0, 0, 0, 0, 0, 0, 0, 0, 0, 0], [0, 0, 0, 0, 0, 0, 0, 0, 0, 0], [0, 0, 0, 0, 0, 0, 0, 0, 0, 0], [0, 0, 0, 0, 0, 0, 0, 0, 0, 0], [0, 0, 0, 0, 0, 0, 0, 0, 0, 0], [0, 0, 0, 0, 0, 0, 0, 0, 0, 0], [0, 0, 0, 0, 0, 0, 0, 0, 0, 0], [0, 0, 0, 0, 0, 0, 0, 0, 0, 0], [0, 0, 0, 0, 0, 0, 0, 0, 0, 0], [0, 0, 0, 0, 0, 0, 0, 0, 0, 0], [0, 0, 4, 0, 1, 1, 0, 2, 4, 4], [6, 0, 4, 0, 2, 1, 1, 2, 2, 4], [6, 2, 2, 1, 1, 2, 5, 3, 3, 0], [2, 2, 1, 7, 1, 1, 5, 3, 3, 0]]"
29,Drop,5,"[[0, 0, 0, 0, 0, 0, 0, 0, 0, 0], [0, 0, 0, 0, 0, 0, 0, 0, 0, 0], [0, 0, 0, 0, 0, 0, 0, 0, 0, 0], [0, 0, 0, 0, 0, 0, 0, 0, 0, 0], [0, 0, 0, 0, 0, 0, 0, 0, 0, 0], [0, 0, 0, 0, 0, 0, 0, 0, 0, 0], [0, 0, 0, 0, 0, 0, 0, 0, 0, 0], [0, 0, 0, 0, 0, 0, 0, 0, 0, 0], [0, 0, 0, 0, 0, 0, 0, 0, 0, 0], [0, 0, 0, 0, 0, 0, 0, 0, 0, 0], [0, 0, 0, 0, 0, 0, 0, 0, 0, 0], [0, 0, 0, 0, 0, 0, 0, 0, 0, 0], [0, 0, 0, 0, 0, 0, 0, 0, 0, 0], [0, 0, 0, 0, 0, 0, 0, 0, 0, 0], [0, 0, 0, 0, 0, 0, 0, 0, 0, 0], [0, 0, 0, 5, 5, 0, 0, 0, 0, 0], [0, 0, 4, 5, 1, 1, 0, 2, 4, 4], [6, 0, 4, 5, 2, 1, 1, 2, 2, 4], [6, 2, 2, 1, 1, 2, 5, 3, 3, 0], [2, 2, 1, 7, 1, 1, 5, 3, 3, 0]]"
30,Drop,4,"[[0, 0, 0, 0, 0, 0, 0, 0, 0, 0], [0, 0, 0, 0, 0, 0, 0, 0, 0, 0], [0, 0, 0, 0, 0, 0, 0, 0, 0, 0], [0, 0, 0, 0, 0, 0, 0, 0, 0, 0], [0, 0, 0, 0, 0, 0, 0, 0, 0, 0], [0, 0, 0, 0, 0, 0, 0, 0, 0, 0], [0, 0, 0, 0, 0, 0, 0, 0, 0, 0], [0, 0, 0, 0, 0, 0, 0, 0, 0, 0], [0, 0, 0, 0, 0, 0, 0, 0, 0, 0], [0, 0, 0, 0, 0, 0, 0, 0, 0, 0], [0, 0, 0, 0, 0, 0, 0, 0, 0, 0], [0, 0, 0, 0, 0, 0, 0, 0, 0, 0], [0, 0, 0, 0, 0, 0, 0, 0, 0, 0], [0, 0, 0, 0, 0, 0, 0, 0, 0, 0], [0, 0, 4, 4, 4, 0, 0, 0, 0, 0], [0, 0, 4, 5, 5, 0, 0, 0, 0, 0], [0, 0, 4, 5, 1, 1, 0, 2, 4, 4], [6, 0, 4, 5, 2, 1, 1, 2, 2, 4], [6, 2, 2, 1, 1, 2, 5, 3, 3, 0], [2, 2, 1, 7, 1, 1, 5, 3, 3, 0]]"
31,Drop,7,"[[0, 0, 0, 0, 0, 0, 0, 0, 0, 0], [0, 0, 0, 0, 0, 0, 0, 0, 0, 0], [0, 0, 0, 0, 0, 0, 0, 0, 0, 0], [0, 0, 0, 0, 0, 0, 0, 0, 0, 0], [0, 0, 0, 0, 0, 0, 0, 0, 0, 0], [0, 0, 0, 0, 0, 0, 0, 0, 0, 0], [0, 0, 0, 0, 0, 0, 0, 0, 0, 0], [0, 0, 0, 0, 0, 0, 0, 0, 0, 0], [0, 0, 0, 0, 0, 0, 0, 0, 0, 0], [0, 0, 0, 0, 0, 0, 0, 0, 0, 0], [0, 0, 0, 0, 0, 0, 0, 0, 0, 0], [0, 0, 0, 0, 0, 0, 0, 0, 0, 0], [0, 0, 0, 0, 0, 0, 0, 0, 0, 0], [0, 0, 0, 0, 0, 0, 0, 0, 0, 0], [0, 0, 0, 0, 0, 0, 0, 0, 0, 0], [0, 7, 4, 4, 4, 0, 0, 0, 0, 0], [0, 7, 4, 5, 5, 0, 0, 0, 0, 0], [0, 7, 4, 5, 1, 1, 0, 2, 4, 4], [6, 2, 2, 1, 1, 2, 5, 3, 3, 0], [2, 2, 1, 7, 1, 1, 5, 3, 3, 0]]"
32,Drop,2,"[[0, 0, 0, 0, 0, 0, 0, 0, 0, 0], [0, 0, 0, 0, 0, 0, 0, 0, 0, 0], [0, 0, 0, 0, 0, 0, 0, 0, 0, 0], [0, 0, 0, 0, 0, 0, 0, 0, 0, 0], [0, 0, 0, 0, 0, 0, 0, 0, 0, 0], [0, 0, 0, 0, 0, 0, 0, 0, 0, 0], [0, 0, 0, 0, 0, 0, 0, 0, 0, 0], [0, 0, 0, 0, 0, 0, 0, 0, 0, 0], [0, 0, 0, 0, 0, 0, 0, 0, 0, 0], [0, 0, 0, 0, 0, 0, 0, 0, 0, 0], [0, 0, 0, 0, 0, 0, 0, 0, 0, 0], [0, 0, 0, 0, 0, 0, 0, 0, 0, 0], [0, 0, 0, 0, 0, 0, 0, 0, 0, 0], [0, 0, 0, 0, 0, 0, 0, 0, 0, 0], [0, 0, 0, 0, 0, 0, 0, 0, 0, 0], [0, 7, 4, 4, 4, 2, 0, 0, 0, 0], [0, 7, 4, 5, 5, 2, 2, 0, 0, 0], [0, 7, 4, 5, 1, 1, 2, 2, 4, 4], [6, 2, 2, 1, 1, 2, 5, 3, 3, 0], [2, 2, 1, 7, 1, 1, 5, 3, 3, 0]]"
33,Drop,6,"[[0, 0, 0, 0, 0, 0, 0, 0, 0, 0], [0, 0, 0, 0, 0, 0, 0, 0, 0, 0], [0, 0, 0, 0, 0, 0, 0, 0, 0, 0], [0, 0, 0, 0, 0, 0, 0, 0, 0, 0], [0, 0, 0, 0, 0, 0, 0, 0, 0, 0], [0, 0, 0, 0, 0, 0, 0, 0, 0, 0], [0, 0, 0, 0, 0, 0, 0, 0, 0, 0], [0, 0, 0, 0, 0, 0, 0, 0, 0, 0], [0, 0, 0, 0, 0, 0, 0, 0, 0, 0], [0, 0, 0, 0, 0, 0, 0, 0, 0, 0], [0, 0, 0, 0, 0, 0, 0, 0, 0, 0], [0, 0, 0, 0, 0, 0, 0, 0, 0, 0], [0, 0, 0, 0, 0, 0, 0, 0, 0, 0], [0, 0, 0, 0, 0, 0, 0, 0, 0, 0], [0, 0, 0, 0, 0, 0, 0, 6, 0, 0], [0, 7, 4, 4, 4, 2, 6, 6, 0, 0], [0, 7, 4, 5, 5, 2, 2, 6, 0, 0], [0, 7, 4, 5, 1, 1, 2, 2, 4, 4], [6, 2, 2, 1, 1, 2, 5, 3, 3, 0], [2, 2, 1, 7, 1, 1, 5, 3, 3, 0]]"
34,Drop,3,"[[0, 0, 0, 0, 0, 0, 0, 0, 0, 0], [0, 0, 0, 0, 0, 0, 0, 0, 0, 0], [0, 0, 0, 0, 0, 0, 0, 0, 0, 0], [0, 0, 0, 0, 0, 0, 0, 0, 0, 0], [0, 0, 0, 0, 0, 0, 0, 0, 0, 0], [0, 0, 0, 0, 0, 0, 0, 0, 0, 0], [0, 0, 0, 0, 0, 0, 0, 0, 0, 0], [0, 0, 0, 0, 0, 0, 0, 0, 0, 0], [0, 0, 0, 0, 0, 0, 0, 0, 0, 0], [0, 0, 0, 0, 0, 0, 0, 0, 0, 0], [0, 0, 0, 0, 0, 0, 0, 0, 0, 0], [0, 0, 0, 0, 0, 0, 0, 0, 0, 0], [0, 0, 0, 0, 0, 0, 0, 0, 0, 0], [0, 0, 0, 0, 0, 3, 3, 0, 0, 0], [0, 0, 0, 0, 0, 3, 3, 6, 0, 0], [0, 7, 4, 4, 4, 2, 6, 6, 0, 0], [0, 7, 4, 5, 5, 2, 2, 6, 0, 0], [0, 7, 4, 5, 1, 1, 2, 2, 4, 4], [6, 2, 2, 1, 1, 2, 5, 3, 3, 0], [2, 2, 1, 7, 1, 1, 5, 3, 3, 0]]"
35,Drop,2,"[[0, 0, 0, 0, 0, 0, 0, 0, 0, 0], [0, 0, 0, 0, 0, 0, 0, 0, 0, 0], [0, 0, 0, 0, 0, 0, 0, 0, 0, 0], [0, 0, 0, 0, 0, 0, 0, 0, 0, 0], [0, 0, 0, 0, 0, 0, 0, 0, 0, 0], [0, 0, 0, 0, 0, 0, 0, 0, 0, 0], [0, 0, 0, 0, 0, 0, 0, 0, 0, 0], [0, 0, 0, 0, 0, 0, 0, 0, 0, 0], [0, 0, 0, 0, 0, 0, 0, 0, 0, 0], [0, 0, 0, 0, 0, 0, 0, 0, 0, 0], [0, 0, 0, 0, 0, 0, 0, 0, 0, 0], [0, 0, 0, 0, 0, 2, 2, 0, 0, 0], [0, 0, 0, 0, 2, 2, 0, 0, 0, 0], [0, 0, 0, 0, 0, 3, 3, 0, 0, 0], [0, 0, 0, 0, 0, 3, 3, 6, 0, 0], [0, 7, 4, 4, 4, 2, 6, 6, 0, 0], [0, 7, 4, 5, 5, 2, 2, 6, 0, 0], [0, 7, 4, 5, 1, 1, 2, 2, 4, 4], [6, 2, 2, 1, 1, 2, 5, 3, 3, 0], [2, 2, 1, 7, 1, 1, 5, 3, 3, 0]]"
36,Drop,1,"[[0, 0, 0, 0, 0, 0, 0, 0, 0, 0], [0, 0, 0, 0, 0, 0, 0, 0, 0, 0], [0, 0, 0, 0, 0, 0, 0, 0, 0, 0], [0, 0, 0, 0, 0, 0, 0, 0, 0, 0], [0, 0, 0, 0, 0, 0, 0, 0, 0, 0], [0, 0, 0, 0, 0, 0, 0, 0, 0, 0], [0, 0, 0, 0, 0, 0, 0, 0, 0, 0], [0, 0, 0, 0, 0, 0, 0, 0, 0, 0], [0, 0, 0, 0, 0, 0, 0, 0, 0, 0], [0, 0, 0, 1, 1, 0, 0, 0, 0, 0], [0, 0, 0, 0, 1, 1, 0, 0, 0, 0], [0, 0, 0, 0, 0, 2, 2, 0, 0, 0], [0, 0, 0, 0, 2, 2, 0, 0, 0, 0], [0, 0, 0, 0, 0, 3, 3, 0, 0, 0], [0, 0, 0, 0, 0, 3, 3, 6, 0, 0], [0, 7, 4, 4, 4, 2, 6, 6, 0, 0], [0, 7, 4, 5, 5, 2, 2, 6, 0, 0], [0, 7, 4, 5, 1, 1, 2, 2, 4, 4], [6, 2, 2, 1, 1, 2, 5, 3, 3, 0], [2, 2, 1, 7, 1, 1, 5, 3, 3, 0]]"
37,Drop,1,"[[0, 0, 0, 0, 0, 0, 0, 0, 0, 0], [0, 0, 0, 0, 0, 0, 0, 0, 0, 0], [0, 0, 0, 0, 0, 0, 0, 0, 0, 0], [0, 0, 0, 0, 0, 0, 0, 0, 0, 0], [0, 0, 0, 0, 0, 0, 0, 0, 0, 0], [0, 0, 0, 0, 0, 0, 0, 0, 0, 0], [0, 0, 0, 0, 0, 0, 0, 0, 0, 0], [0, 0, 0, 1, 1, 0, 0, 0, 0, 0], [0, 0, 0, 0, 1, 1, 0, 0, 0, 0], [0, 0, 0, 1, 1, 0, 0, 0, 0, 0], [0, 0, 0, 0, 1, 1, 0, 0, 0, 0], [0, 0, 0, 0, 0, 2, 2, 0, 0, 0], [0, 0, 0, 0, 2, 2, 0, 0, 0, 0], [0, 0, 0, 0, 0, 3, 3, 0, 0, 0], [0, 0, 0, 0, 0, 3, 3, 6, 0, 0], [0, 7, 4, 4, 4, 2, 6, 6, 0, 0], [0, 7, 4, 5, 5, 2, 2, 6, 0, 0], [0, 7, 4, 5, 1, 1, 2, 2, 4, 4], [6, 2, 2, 1, 1, 2, 5, 3, 3, 0], [2, 2, 1, 7, 1, 1, 5, 3, 3, 0]]"
38,Drop,4,"[[0, 0, 0, 0, 0, 0, 0, 0, 0, 0], [0, 0, 0, 0, 0, 0, 0, 0, 0, 0], [0, 0, 0, 0, 0, 0, 0, 0, 0, 0], [0, 0, 0, 0, 0, 0, 0, 0, 0, 0], [0, 0, 0, 0, 0, 0, 0, 0, 0, 0], [0, 0, 0, 0, 0, 0, 0, 0, 0, 0], [0, 0, 0, 0, 0, 0, 0, 0, 0, 0], [0, 0, 0, 1, 1, 0, 0, 0, 0, 0], [0, 0, 0, 0, 1, 1, 0, 0, 0, 0], [0, 0, 0, 1, 1, 0, 0, 0, 0, 0], [0, 0, 0, 0, 1, 1, 0, 0, 0, 0], [0, 0, 0, 0, 0, 2, 2, 0, 0, 0], [0, 0, 0, 0, 2, 2, 0, 0, 0, 0], [0, 0, 0, 0, 4, 3, 3, 0, 0, 0], [0, 0, 4, 4, 4, 3, 3, 6, 0, 0], [0, 7, 4, 4, 4, 2, 6, 6, 0, 0], [0, 7, 4, 5, 5, 2, 2, 6, 0, 0], [0, 7, 4, 5, 1, 1, 2, 2, 4, 4], [6, 2, 2, 1, 1, 2, 5, 3, 3, 0], [2, 2, 1, 7, 1, 1, 5, 3, 3, 0]]"
39,Drop,3,"[[0, 0, 0, 0, 0, 0, 0, 0, 0, 0], [0, 0, 0, 0, 0, 0, 0, 0, 0, 0], [0, 0, 0, 0, 0, 0, 0, 0, 0, 0], [0, 0, 0, 0, 0, 0, 0, 0, 0, 0], [0, 0, 0, 0, 0, 0, 0, 0, 0, 0], [0, 0, 0, 0, 0, 0, 0, 0, 0, 0], [0, 0, 0, 0, 0, 0, 0, 0, 0, 0], [0, 0, 0, 1, 1, 0, 0, 0, 0, 0], [0, 0, 0, 0, 1, 1, 0, 0, 0, 0], [0, 0, 0, 1, 1, 0, 0, 0, 0, 0], [0, 0, 0, 0, 1, 1, 0, 0, 0, 0], [0, 0, 0, 0, 0, 2, 2, 0, 0, 0], [0, 0, 0, 0, 2, 2, 0, 0, 0, 0], [0, 0, 0, 0, 4, 3, 3, 0, 0, 0], [0, 0, 4, 4, 4, 3, 3, 6, 0, 0], [0, 7, 4, 4, 4, 2, 6, 6, 3, 3], [0, 7, 4, 5, 5, 2, 2, 6, 3, 3], [0, 7, 4, 5, 1, 1, 2, 2, 4, 4], [6, 2, 2, 1, 1, 2, 5, 3, 3, 0], [2, 2, 1, 7, 1, 1, 5, 3, 3, 0]]"
40,Drop,3,"[[0, 0, 0, 0, 0, 0, 0, 0, 0, 0], [0, 0, 0, 0, 0, 0, 0, 0, 0, 0], [0, 0, 0, 0, 0, 0, 0, 0, 0, 0], [0, 0, 0, 0, 0, 0, 0, 0, 0, 0], [0, 0, 0, 0, 0, 0, 0, 0, 0, 0], [0, 0, 0, 0, 0, 0, 0, 0, 0, 0], [0, 0, 0, 0, 0, 0, 0, 0, 0, 0], [0, 0, 0, 1, 1, 0, 0, 0, 0, 0], [0, 0, 0, 0, 1, 1, 0, 0, 0, 0], [0, 0, 0, 1, 1, 0, 0, 0, 0, 0], [0, 0, 0, 0, 1, 1, 0, 0, 0, 0], [0, 0, 0, 0, 0, 2, 2, 0, 0, 0], [0, 0, 0, 0, 2, 2, 0, 3, 3, 0], [0, 0, 0, 0, 4, 3, 3, 3, 3, 0], [0, 0, 4, 4, 4, 3, 3, 6, 0, 0], [0, 7, 4, 4, 4, 2, 6, 6, 3, 3], [0, 7, 4, 5, 5, 2, 2, 6, 3, 3], [0, 7, 4, 5, 1, 1, 2, 2, 4, 4], [6, 2, 2, 1, 1, 2, 5, 3, 3, 0], [2, 2, 1, 7, 1, 1, 5, 3, 3, 0]]"
41,Drop,3,"[[0, 0, 0, 0, 0, 0, 0, 0, 0, 0], [0, 0, 0, 0, 0, 0, 0, 0, 0, 0], [0, 0, 0, 0, 0, 0, 0, 0, 0, 0], [0, 0, 0, 0, 0, 0, 0, 0, 0, 0], [0, 0, 0, 0, 0, 0, 0, 0, 0, 0], [0, 0, 0, 0, 0, 0, 0, 0, 0, 0], [0, 0, 0, 0, 0, 0, 0, 0, 0, 0], [0, 0, 0, 1, 1, 0, 0, 0, 0, 0], [0, 0, 0, 0, 1, 1, 0, 0, 0, 0], [0, 0, 0, 1, 1, 0, 0, 0, 0, 0], [0, 0, 0, 0, 1, 1, 0, 0, 0, 0], [0, 0, 0, 0, 0, 2, 2, 0, 0, 0], [0, 0, 0, 0, 2, 2, 0, 3, 3, 0], [3, 3, 0, 0, 4, 3, 3, 3, 3, 0], [3, 3, 4, 4, 4, 3, 3, 6, 0, 0], [0, 7, 4, 4, 4, 2, 6, 6, 3, 3], [0, 7, 4, 5, 5, 2, 2, 6, 3, 3], [0, 7, 4, 5, 1, 1, 2, 2, 4, 4], [6, 2, 2, 1, 1, 2, 5, 3, 3, 0], [2, 2, 1, 7, 1, 1, 5, 3, 3, 0]]"
42,Drop,5,"[[0, 0, 0, 0, 0, 0, 0, 0, 0, 0], [0, 0, 0, 0, 0, 0, 0, 0, 0, 0], [0, 0, 0, 0, 0, 0, 0, 0, 0, 0], [0, 0, 0, 0, 0, 0, 0, 0, 0, 0], [0, 0, 0, 0, 0, 0, 0, 0, 0, 0], [0, 0, 0, 5, 0, 0, 0, 0, 0, 0], [0, 0, 0, 5, 5, 5, 0, 0, 0, 0], [0, 0, 0, 1, 1, 0, 0, 0, 0, 0], [0, 0, 0, 0, 1, 1, 0, 0, 0, 0], [0, 0, 0, 1, 1, 0, 0, 0, 0, 0], [0, 0, 0, 0, 1, 1, 0, 0, 0, 0], [0, 0, 0, 0, 0, 2, 2, 0, 0, 0], [0, 0, 0, 0, 2, 2, 0, 3, 3, 0], [3, 3, 0, 0, 4, 3, 3, 3, 3, 0], [3, 3, 4, 4, 4, 3, 3, 6, 0, 0], [0, 7, 4, 4, 4, 2, 6, 6, 3, 3], [0, 7, 4, 5, 5, 2, 2, 6, 3, 3], [0, 7, 4, 5, 1, 1, 2, 2, 4, 4], [6, 2, 2, 1, 1, 2, 5, 3, 3, 0], [2, 2, 1, 7, 1, 1, 5, 3, 3, 0]]"
43,Drop,5,"[[0, 0, 0, 0, 0, 0, 0, 0, 0, 0], [0, 0, 0, 0, 0, 0, 0, 0, 0, 0], [0, 0, 0, 0, 0, 0, 0, 0, 0, 0], [0, 0, 0, 5, 0, 0, 0, 0, 0, 0], [0, 0, 0, 5, 5, 5, 0, 0, 0, 0], [0, 0, 0, 5, 0, 0, 0, 0, 0, 0], [0, 0, 0, 5, 5, 5, 0, 0, 0, 0], [0, 0, 0, 1, 1, 0, 0, 0, 0, 0], [0, 0, 0, 0, 1, 1, 0, 0, 0, 0], [0, 0, 0, 1, 1, 0, 0, 0, 0, 0], [0, 0, 0, 0, 1, 1, 0, 0, 0, 0], [0, 0, 0, 0, 0, 2, 2, 0, 0, 0], [0, 0, 0, 0, 2, 2, 0, 3, 3, 0], [3, 3, 0, 0, 4, 3, 3, 3, 3, 0], [3, 3, 4, 4, 4, 3, 3, 6, 0, 0], [0, 7, 4, 4, 4, 2, 6, 6, 3, 3], [0, 7, 4, 5, 5, 2, 2, 6, 3, 3], [0, 7, 4, 5, 1, 1, 2, 2, 4, 4], [6, 2, 2, 1, 1, 2, 5, 3, 3, 0], [2, 2, 1, 7, 1, 1, 5, 3, 3, 0]]"
44,Drop,4,"[[0, 0, 0, 0, 0, 0, 0, 0, 0, 0], [0, 0, 0, 0, 0, 4, 0, 0, 0, 0], [0, 0, 0, 4, 4, 4, 0, 0, 0, 0], [0, 0, 0, 5, 0, 0, 0, 0, 0, 0], [0, 0, 0, 5, 5, 5, 0, 0, 0, 0], [0, 0, 0, 5, 0, 0, 0, 0, 0, 0], [0, 0, 0, 5, 5, 5, 0, 0, 0, 0], [0, 0, 0, 1, 1, 0, 0, 0, 0, 0], [0, 0, 0, 0, 1, 1, 0, 0, 0, 0], [0, 0, 0, 1, 1, 0, 0, 0, 0, 0], [0, 0, 0, 0, 1, 1, 0, 0, 0, 0], [0, 0, 0, 0, 0, 2, 2, 0, 0, 0], [0, 0, 0, 0, 2, 2, 0, 3, 3, 0], [3, 3, 0, 0, 4, 3, 3, 3, 3, 0], [3, 3, 4, 4, 4, 3, 3, 6, 0, 0], [0, 7, 4, 4, 4, 2, 6, 6, 3, 3], [0, 7, 4, 5, 5, 2, 2, 6, 3, 3], [0, 7, 4, 5, 1, 1, 2, 2, 4, 4], [6, 2, 2, 1, 1, 2, 5, 3, 3, 0], [2, 2, 1, 7, 1, 1, 5, 3, 3, 0]]"
45,Drop,4,"[[0, 0, 0, 4, 4, 4, 0, 0, 0, 0], [0, 0, 0, 0, 0, 4, 0, 0, 0, 0], [0, 0, 0, 4, 4, 4, 0, 0, 0, 0], [0, 0, 0, 5, 0, 0, 0, 0, 0, 0], [0, 0, 0, 5, 5, 5, 0, 0, 0, 0], [0, 0, 0, 5, 0, 0, 0, 0, 0, 0], [0, 0, 0, 5, 5, 5, 0, 0, 0, 0], [0, 0, 0, 1, 1, 0, 0, 0, 0, 0], [0, 0, 0, 0, 1, 1, 0, 0, 0, 0], [0, 0, 0, 1, 1, 0, 0, 0, 0, 0], [0, 0, 0, 0, 1, 1, 0, 0, 0, 0], [0, 0, 0, 0, 0, 2, 2, 0, 0, 0], [0, 0, 0, 0, 2, 2, 0, 3, 3, 0], [3, 3, 0, 0, 4, 3, 3, 3, 3, 0], [3, 3, 4, 4, 4, 3, 3, 6, 0, 0], [0, 7, 4, 4, 4, 2, 6, 6, 3, 3], [0, 7, 4, 5, 5, 2, 2, 6, 3, 3], [0, 7, 4, 5, 1, 1, 2, 2, 4, 4], [6, 2, 2, 1, 1, 2, 5, 3, 3, 0], [2, 2, 1, 7, 1, 1, 5, 3, 3, 0]]"
